map name       source         band [mu]      glon           glat           ra             dec            distance ["]   
---------------------------------------------------------------------------------------------------------------------------------------
15.55-0.454    1              250            15.5462        -0.4480        275.1440       -15.6338       0.00           
15.55-0.454    1              350            15.5433        -0.4454        275.1402       -15.6352       14.02
16.386-0.212   1              250            16.3874        -0.2189        275.3451       -14.7839       0.00           
16.386-0.212   1              350            16.3877        -0.2190        275.3454       -14.7837       1.14  
18.287-0.256   2              250            18.2734        -0.2830        276.3146       -13.1480       0.00           
18.287-0.256   2              350            18.2747        -0.2826        276.3149       -13.1467       4.90
18.287-0.256   5              250            18.2481        -0.2070        276.2335       -13.1349       0.00           
18.287-0.256   5              350            18.2473        -0.2065        276.2327       -13.1354       3.40 
18.287-0.256   7              250            18.2758        -0.2344        276.2717       -13.1232       0.00           
18.287-0.256   7              350            18.2771        -0.2375        276.2751       -13.1235       12.10 
18.287-0.256   8              250            18.3011        -0.2663        276.3128       -13.1157       0.00           
18.287-0.256   8              350            18.3009        -0.2666        276.3129       -13.1161       1.30
18.366-0.392   1              250            18.3492        -0.3706        276.4305       -13.1219       0.00           
18.366-0.392   1              350            18.3496        -0.3698        276.4300       -13.1212       3.22 
18.366-0.392   2              250            18.3734        -0.3950        276.4643       -13.1119       0.00           
18.366-0.392   2              350            18.3740        -0.3951        276.4647       -13.1114       2.19  
18.681-0.051   1              250            18.6776        -0.0538        276.3004       -12.6836       0.00           
18.681-0.051   1              350            18.6778        -0.0530        276.2998       -12.6830       2.97  
18.886+0.068   5              250            18.9063        0.0303         276.3337       -12.4421       0.00           
18.886+0.068   5              350            18.9059        0.0306         276.3332       -12.4423       1.80  
18.886+0.068   6              250            18.9080        0.0417         276.3242       -12.4353       0.00           
18.886+0.068   6              350            18.9075        0.0404         276.3251       -12.4363       5.01 
18.927-0.524   1              250            18.9162        -0.5153        276.8329       -12.6877       0.00           
18.927-0.524   1              350            18.9172        -0.5155        276.8336       -12.6869       3.67  
18.997+0.014   1              250            19.0043        -0.0090        276.4161       -12.3738       0.00           
18.997+0.014   1              350            19.0039        -0.0081        276.4151       -12.3737       3.55 
19.041-0.515   1              250            19.0435        -0.5360        276.9124       -12.5847       0.00           
19.041-0.515   1              350            19.0418        -0.5361        276.9117       -12.5862       6.13 
19.082-0.291   3              250            19.0929        -0.2856        276.7090       -12.4244       0.00           
19.082-0.291   3              350            19.0936        -0.2857        276.7094       -12.4238       2.55 
19.653-0.118   4              250            19.6699        -0.1389        276.8510       -11.8454       0.00           
19.653-0.118   4              350            19.6709        -0.1383        276.8509       -11.8443       4.20 
19.834-0.336   1              250            19.7966        -0.3626        277.1135       -11.8373       0.00           
19.834-0.336   1              350            19.7973        -0.3627        277.1139       -11.8367       2.55
19.834-0.336   2              250            19.8422        -0.3451        277.1193       -11.7888       0.00           
19.834-0.336   2              350            19.8418        -0.3457        277.1197       -11.7894       2.60
22.429+0.269   1              250            22.3833        0.3048         277.7322       -9.2360        0.00           
22.429+0.269   1              350            22.3833        0.3016         277.7351       -9.2375        11.52  
22.429+0.269   2              250            22.4153        0.2759         277.7731       -9.2210        0.00           
22.429+0.269   2              350            22.4157        0.2760         277.7732       -9.2206        1.48 
22.429+0.269   6              250            22.4416        0.2951         277.7682       -9.1888        0.00           
22.429+0.269   6              350            22.4429        0.2957         277.7683       -9.1874        5.15 
22.429+0.269   8              250            22.4682        0.3086         277.7686       -9.1590        0.00           
22.429+0.269   8              350            22.4682        0.3094         277.7679       -9.1586        2.88
22.429+0.269   9              250            22.4906        0.3230         277.7661       -9.1325        0.00           
22.429+0.269   9              350            22.4901        0.3230         277.7659       -9.1329        1.80  
22.546-0.526   2              250            22.5221        -0.5222        278.5406       -9.4949        0.00           
22.546-0.526   2              350            22.5220        -0.5211        278.5395       -9.4944        3.98
22.546-0.526   3              250            22.5338        -0.5290        278.5522       -9.4876        0.00           
22.546-0.526   3              350            22.5352        -0.5289        278.5527       -9.4863        5.05   
22.546-0.526   4              250            22.5301        -0.5168        278.5395       -9.4853        0.00           
22.546-0.526   4              350            22.5294        -0.5167        278.5390       -9.4858        2.55 
22.729+0.126   1              250            22.7183        0.1080         278.0658       -9.0300        0.00           
22.729+0.126   1              350            22.7181        0.1086         278.0652       -9.0299        2.28 
23.126+0.624   1              250            23.1176        0.5995         277.8116       -8.4487        0.00           
23.126+0.624   1              350            23.1203        0.6015         277.8111       -8.4454        12.10 
23.655-0.143   1              250            23.6679        -0.1338        278.7259       -8.2990        0.00           
23.655-0.143   1              350            23.6678        -0.1342        278.7262       -8.2992        1.48 
23.721+0.185   1              250            23.7239        0.1846         278.4664       -8.1026        0.00           
23.721+0.185   1              350            23.7246        0.1857         278.4658       -8.1014        4.69 
24.373-0.157   1              250            24.3397        -0.1649        279.0659       -7.7168        0.00           
24.373-0.157   1              350            24.3401        -0.1650        279.0662       -7.7165        1.48 
24.485-0.22    2              250            24.4385        -0.2081        279.1504       -7.6489        0.00           
24.485-0.22    2              350            24.4394        -0.2077        279.1505       -7.6479        3.55 
24.491+0.339   2              250            24.4809        0.3230         278.6945       -7.3670        0.00           
24.491+0.339   2              350            24.4818        0.3194         278.6981       -7.3678        13.36    
24.528-0.136   3              250            24.5305        -0.1271        279.1205       -7.5300        0.00           
24.528-0.136   3              350            24.5297        -0.1262        279.1194       -7.5303        4.33  
24.547-0.736   1              250            24.5627        -0.7288        279.6748       -7.7776        0.00           
24.547-0.736   1              350            24.5630        -0.7289        279.6750       -7.7774        1.14
24.789+0.633   1              250            24.7881        0.6517         278.5431       -6.9429        0.00           
24.789+0.633   1              350            24.7891        0.6531         278.5423       -6.9413        6.19 
25.272-0.434   1              250            25.2842        -0.4397        279.7493       -7.0039        0.00           
25.272-0.434   1              350            25.2846        -0.4390        279.7488       -7.0032        2.90 
25.342-0.196   1              250            25.3274        -0.1972        279.5522       -6.8543        0.00           
25.342-0.196   1              350            25.3274        -0.1974        279.5524       -6.8544        0.72   
25.474-0.225   1              250            25.4754        -0.2073        279.6296       -6.7274        0.00           
25.474-0.225   1              350            25.4782        -0.2082        279.6317       -6.7254        10.59
26.507+0.716   1              250            26.5094        0.7173         279.2808       -5.3844        0.00           
26.507+0.716   1              350            26.5099        0.7177         279.2807       -5.3838        2.31  
26.581+0.429   1              250            26.5647        0.4254         279.5668       -5.4693        0.00           
26.581+0.429   1              350            26.5660        0.4259         279.5669       -5.4679        5.01 
26.594-0.303   1              250            26.5766        -0.2952        280.2158       -5.7889        0.00           
26.594-0.303   1              350            26.5781        -0.2949        280.2163       -5.7875        5.51  
27.023-0.099   1              250            27.0137        -0.1433        280.2812       -5.3308        0.00           
27.023-0.099   1              350            27.0125        -0.1439        280.2812       -5.3321        4.83 
27.795-0.296   1              250            27.8069        -0.2934        280.7794       -4.6941        0.00           
27.795-0.296   1              350            27.8073        -0.2943        280.7804       -4.6942        3.55 
27.971+0.094   1              250            27.9693        0.0943         280.5080       -4.3724        0.00           
27.971+0.094   1              350            27.9705        0.0952         280.5078       -4.3709        5.40
28.277-0.352   1              250            28.2941        -0.3445        281.0483       -4.2841        0.00           
28.277-0.352   1              350            28.2963        -0.3439        281.0488       -4.2819        8.21 
28.566-0.339   4              250            28.5390        -0.3013        281.1219       -4.0465        0.00           
28.566-0.339   4              350            28.5390        -0.3019        281.1225       -4.0468        2.16  
28.566-0.339   6              250            28.5568        -0.3130        281.1405       -4.0360        0.00           
28.566-0.339   6              350            28.5575        -0.3122        281.1401       -4.0350        3.83    
28.566-0.339   7              250            28.6133        -0.3950        281.2395       -4.0232        0.00           
28.566-0.339   7              350            28.6126        -0.3931        281.2375       -4.0230        7.29 
28.566-0.339   10             250            28.6311        -0.3982        281.2505       -4.0088        0.00           
28.566-0.339   10             350            28.6319        -0.3976        281.2503       -4.0079        3.60 
28.566-0.339   11             250            28.5902        -0.3164        281.1588       -4.0079        0.00           
28.566-0.339   11             350            28.5907        -0.3165        281.1591       -4.0075        1.84  
28.724+0.239   1              250            28.7759        0.2340         280.7532       -3.5912        0.00           
28.724+0.239   1              350            28.7750        0.2344         280.7524       -3.5918        3.55  
28.788-0.011   1              250            28.7901        -0.0097        280.9769       -3.6899        0.00           
28.788-0.011   1              350            28.7913        -0.0089        280.9767       -3.6885        5.19 
28.849+0.051   1              250            28.8531        0.0438         280.9581       -3.6095        0.00           
28.849+0.051   1              350            28.8532        0.0451         280.9570       -3.6088        4.69 
29.411-0.645   1              250            29.4073        -0.6320        281.8140       -3.4249        0.00           
29.411-0.645   1              350            29.4085        -0.6336        281.8159       -3.4246        7.20 
29.607-0.627   1              250            29.5905        -0.6467        281.9108       -3.2686        0.00           
29.607-0.627   1              350            29.5900        -0.6468        281.9106       -3.2691        1.84 
29.962-0.789   1              250            29.8667        -0.7939        282.1681       -3.0899        0.00           
29.962-0.789   1              350            29.8667        -0.7931        282.1674       -3.0896        2.88 
29.962-0.789   3              250            29.9279        -0.8049        282.2058       -3.0405        0.00           
29.962-0.789   3              350            29.9274        -0.8038        282.2046       -3.0404        4.35 
29.962-0.789   7              250            29.9733        -0.7707        282.1961       -2.9845        0.00           
29.962-0.789   7              350            29.9742        -0.7694        282.1953       -2.9831        5.69  
30.283+0.058   1              250            30.2832        0.0584         281.5990       -2.3305        0.00           
30.283+0.058   1              350            30.2839        0.0594         281.5984       -2.3294        4.39 
30.885+0.152   1              250            30.9045        0.1484         281.8026       -1.7366        0.00           
30.885+0.152   1              350            30.9051        0.1487         281.8026       -1.7359        2.41 
31.164+0.277   1              250            31.1640        0.2779         281.8057       -1.4466        0.00           
31.164+0.277   1              350            31.1654        0.2787         281.8057       -1.4450        5.80
31.946+0.076   3              250            32.0061        0.0383         282.4032       -0.8065        0.00           
31.946+0.076   3              350            32.0062        0.0362         282.4051       -0.8074        7.57   
32.718-0.3     1              250            32.7029        -0.2922        283.0151       -0.3371        0.00           
32.718-0.3     1              350            32.7029        -0.2919        283.0148       -0.3369        1.08  
34.258+0.109   1              250            34.2810        0.1012         283.3846       1.2468         0.00           
34.258+0.109   1              350            34.2817        0.1010         283.3851       1.2473         2.62 
35.002+0.355   1              250            35.0079        0.3427         283.5013       2.0038         0.00           
35.002+0.355   1              350            35.0066        0.3431         283.5003       2.0029         4.90 
35.549+0.049   3              250            35.5668        0.0340         284.0313       2.3604         0.00           
35.549+0.049   3              350            35.5667        0.0348         284.0306       2.3606         2.90   
35.732-0.873   1              250            35.6997        -0.9817        284.9963       2.0148         0.00           
35.732-0.873   1              350            35.7005        -0.9831        284.9979       2.0148         5.80
35.732-0.873   2              250            35.7464        -0.9268        284.9688       2.0814         0.00           
35.732-0.873   2              350            35.7466        -0.9265        284.9686       2.0817         1.30 
35.732-0.873   5              250            35.8272        -0.8442        284.9322       2.1910         0.00           
35.732-0.873   5              350            35.8277        -0.8424        284.9309       2.1923         6.73 
35.745+0.147   1              250            35.7626        0.1561         284.0120       2.5903         0.00           
35.745+0.147   1              350            35.7602        0.1558         284.0112       2.5880         8.71
37.35-0.255    5              250            37.3814        -0.2592        285.1227       3.8406         0.00           
37.35-0.255    5              350            37.3827        -0.2582        285.1224       3.8423         5.90 
37.558+0.186   1              250            37.5586        0.1865         284.8065       4.2020         0.00           
37.558+0.186   1              350            37.5583        0.1857         284.8071       4.2014         3.08 
38.356-0.96    1              250            38.3881        -0.9576        286.2073       4.4157         0.00           
38.356-0.96    1              350            38.3890        -0.9575        286.2077       4.4165         3.26  
39.286-0.025   1              250            39.2952        -0.0592        285.8234       5.6337         0.00           
39.286-0.025   1              350            39.2950        -0.0588        285.8229       5.6337         1.61 
41.049-0.138   1              250            41.0946        -0.1202        286.7092       7.2043         0.00           
41.049-0.138   1              350            41.0952        -0.1194        286.7087       7.2052         3.60 
41.065-0.234   1              250            41.1179        -0.1880        286.7807       7.1938         0.00           
41.065-0.234   1              350            41.1201        -0.1849        286.7789       7.1972         13.68 
41.182-0.161   1              250            41.1522        -0.1549        286.7669       7.2395         0.00           
41.182-0.161   1              350            41.1522        -0.1543        286.7664       7.2397         2.16 
41.382+0.021   1              250            41.3744        0.0084         286.7238       7.5119         0.00           
41.382+0.021   1              350            41.3752        0.0076         286.7249       7.5122         4.07 
42.137-0.648   3              250            42.1368        -0.5824        287.6075       7.9162         0.00           
42.137-0.648   3              350            42.1377        -0.5827        287.6081       7.9169         3.42  
43.186-0.549   1              250            43.1917        -0.4915        288.0190       8.8936         0.00           
43.186-0.549   1              350            43.1921        -0.4911        288.0188       8.8941         2.04  
43.207-0.013   1              250            43.1493        -0.0438        287.5972       9.0630         0.00           
43.207-0.013   1              350            43.1498        -0.0427        287.5965       9.0639         4.35  
43.207-0.013   3              250            43.1947        -0.0362        287.6116       9.1068         0.00           
43.207-0.013   3              350            43.1958        -0.0361        287.6121       9.1078         3.98  
45.42-0.686    1              250            45.3588        -0.5891        289.1282       10.7673        0.00           
45.42-0.686    1              350            45.3590        -0.5890        289.1282       10.7676        0.80 
45.787-0.335   2              250            45.8225        -0.3043        289.0917       11.3103        0.00           
45.787-0.335   2              350            45.8217        -0.3052        289.0922       11.3092        4.33 
48.641-0.757   2              250            48.6515        -0.7557        290.8591       13.5969        0.00           
48.641-0.757   2              350            48.6517        -0.7558        290.8593       13.5970        0.80   
48.678+0.326   1              250            48.6747        0.3060         289.9055       14.1170        0.00           
48.678+0.326   1              350            48.6750        0.3073         289.9045       14.1179        4.80   
48.852-0.527   2              250            48.8529        -0.5252        290.7478       13.8832        0.00           
48.852-0.527   2              350            48.8534        -0.5244        290.7474       13.8840        3.40 
48.952-0.623   3              250            48.9659        -0.5833        290.8556       13.9554        0.00           
48.952-0.623   3              350            48.9612        -0.5847        290.8546       13.9506        17.65   
49.124-0.215   1              250            49.0759        -0.2485        290.6048       14.2104        0.00           
49.124-0.215   1              350            49.0757        -0.2464        290.6028       14.2112        7.59 
49.183+0.059   1              250            49.1959        0.0437         290.3971       14.4539        0.00           
49.183+0.059   1              350            49.1967        0.0456         290.3958       14.4555        7.42   
49.442-0.535   1              250            49.4375        -0.5490        291.0544       14.3871        0.00           
49.442-0.535   1              350            49.4375        -0.5485        291.0539       14.3874        1.80 
49.55-0.542    1              250            49.4506        -0.6090        291.1153       14.3703        0.00           
49.55-0.542    1              350            49.4519        -0.6083        291.1153       14.3718        5.32  
50.06+0.001    1              250            50.0364        0.0120         290.8360       15.1801        0.00           
50.06+0.001    1              350            50.0361        0.0119         290.8359       15.1798        1.14    
50.892+0.223   7              250            50.9059        0.2432         291.0514       16.0556        0.00           
50.892+0.223   7              350            50.9079        0.2435         291.0521       16.0575        7.28
51.048+0.198   2              250            50.9379        0.2530         291.0581       16.0884        0.00           
51.048+0.198   2              350            50.9405        0.2556         291.0570       16.0919        13.24  
51.814+0.418   1              250            51.7742        0.3517         291.3809       16.8716        0.00           
51.814+0.418   1              350            51.7750        0.3514         291.3815       16.8722        3.08   
51.814+0.418   3              250            51.7742        0.4356         291.3037       16.9114        0.00           
51.814+0.418   3              350            51.7747        0.4366         291.3030       16.9123        4.02  
51.823+0.499   1              250            51.8080        0.4814         291.2783       16.9629        0.00           
51.823+0.499   1              350            51.8079        0.4775         291.2818       16.9609        14.04  
52.385-0.539   1              250            52.4096        -0.5376        292.5148       17.0056        0.00           
52.385-0.539   1              350            52.4107        -0.5364        292.5142       17.0072        5.86
53.132+0.257   2              250            53.1815        0.2295         292.1964       18.0507        0.00           
53.132+0.257   2              350            53.1813        0.2309         292.1950       18.0512        5.09 
53.132+0.257   4              250            53.1966        0.2229         292.2101       18.0608        0.00           
53.132+0.257   4              350            53.1967        0.2235         292.2096       18.0611        2.19   
53.149+0.189   1              250            53.1568        0.1982         292.2129       18.0140        0.00           
53.149+0.189   1              350            53.1567        0.1976         292.2134       18.0136        2.19 
53.257+0.043   2              250            53.2628        0.0237         292.4273       18.0235        0.00           
53.257+0.043   2              350            53.2633        0.0240         292.4273       18.0241        2.10 
53.694-0.066   3              250            53.7307        -0.0662        292.7468       18.3908        0.00           
53.694-0.066   3              350            53.7285        -0.0663        292.7458       18.3888        7.93  
53.8+0.008     2              250            53.7722        0.0061         292.7011       18.4619        0.00           
53.8+0.008     2              350            53.7741        0.0059         292.7022       18.4635        6.88  
53.8+0.008     4              250            53.7678        0.0324         292.6745       18.4707        0.00           
53.8+0.008     4              350            53.7683        0.0328         292.6744       18.4713        2.31   
53.8+0.008     6              250            53.8386        -0.0391        292.7765       18.4984        0.00           
53.8+0.008     6              350            53.8373        -0.0377        292.7746       18.4979        6.88 
55.143-0.29    3              250            55.1425        -0.3115        293.6953       19.5082        0.00           
55.143-0.29    3              350            55.1419        -0.3118        293.6953       19.5075        2.41  
