map_name       70 glon        70 glat        160 glon       160 glat       250 glon       250 glat       350 glon       350 glat       
---------------------------------------------------------------------------------------------------------------------------------------
15.074+0.13    15.0781        0.1305         15.0782        0.1306         15.0769        0.1308         15.0766        0.1313         
15.078-0.259   15.0794        -0.2609        15.0795        -0.2600        15.0802        -0.2596        15.0810        -0.2605        
15.286+0.168   15.2633        0.2090         15.2630        0.2093         15.2629        0.2098         15.2655        0.2085         
16.941+0.458   16.9188        0.4818         16.9190        0.4817         16.9185        0.4814         16.9184        0.4823         
17.082+0.442   17.1409        0.5462         17.1410        0.5455         17.1417        0.5442         17.1418        0.5439         
17.096+0.412   17.0962        0.4111         17.0965        0.4118         17.0959        0.4119         17.0966        0.4122         
17.649+0.223   17.6425        0.2254         17.6421        0.2258         17.6422        0.2263         17.6434        0.2262         
17.957+0.083   17.9639        0.0786         17.9638        0.0787         17.9630        0.0791         17.9626        0.0798         
18.056-0.432   18.0760        -0.4302        18.0750        -0.4292        18.0745        -0.4296        18.0748        -0.4303        
18.145-0.416   18.1421        -0.3762        18.1422        -0.3769        18.1417        -0.3765        18.1424        -0.3766        
18.287-0.256   18.2532        -0.2501        18.2550        -0.2505        18.2555        -0.2499        18.2566        -0.2492        
18.76-0.438    18.7883        -0.4641        18.7874        -0.4652        18.7874        -0.4667        18.7879        -0.4669        
18.896-0.036   18.9059        -0.0022        18.9062        -0.0036        18.9063        -0.0042        18.9067        -0.0039        
18.98-0.093    18.9810        -0.0915        18.9808        -0.0914        18.9811        -0.0912        18.9816        -0.0907        
19.03+0.57     19.0488        0.5605         19.0487        0.5607         19.0481        0.5595         19.0477        0.5602         
19.106+0.115   19.0973        0.1188         19.0970        0.1186         19.0965        0.1188         19.0977        0.1189         
19.159-0.493   19.0683        -0.5654        19.0674        -0.5653        19.0670        -0.5655        19.0671        -0.5660        
19.577-0.888   19.6036        -0.9105        19.6040        -0.9109        19.6037        -0.9107        19.6026        -0.9093        
19.647-0.223   19.6089        -0.2350        19.6089        -0.2343        19.6090        -0.2361        19.6096        -0.2333        
19.818-0.514   19.8175        -0.5150        19.8169        -0.5146        19.8169        -0.5150        19.8174        -0.5147        
20.713-0.364   20.7214        -0.3582        20.7215        -0.3585        20.7210        -0.3592        20.7195        -0.3598        
20.717-0.01    20.7380        -0.0307        20.7371        -0.0290        20.7362        -0.0281        20.7358        -0.0267        
20.768+0.499   20.7693        0.4962         20.7700        0.4946         20.7701        0.4955         20.7696        0.4963         
22.373+0.446   22.3419        0.4319         22.3423        0.4319         22.3430        0.4309         22.3428        0.4315         
22.866-0.41    22.9520        -0.3579        22.9520        -0.3576        22.9524        -0.3566        22.9527        -0.3550        
22.866-0.41    22.9593        -0.3653        22.9608        -0.3662        22.9617        -0.3661        22.9618        -0.3656        
23.078+0.569   23.1180        0.5428         23.1183        0.5418         23.1179        0.5409         23.1182        0.5418         
23.111+0.549   23.1165        0.5614         23.1171        0.5621         23.1171        0.5618         23.1177        0.5613         
23.454+0.06    23.4584        0.0661         23.4578        0.0660         23.4557        0.0645         23.4557        0.0646         
23.463-0.23    23.4284        -0.2365        23.4297        -0.2371        23.4287        -0.2368        23.4302        -0.2371        
23.588-0.009   23.5188        -0.0474        23.5188        -0.0476        23.5189        -0.0478        23.5190        -0.0478        
23.873-0.357   23.8608        -0.3648        23.8618        -0.3644        23.8618        -0.3642        23.8604        -0.3641        
24.426-0.28    24.4272        -0.2529        24.4251        -0.2514        24.4252        -0.2509        24.4256        -0.2501        
24.478+0.46    24.4670        0.4699         24.4688        0.4697         24.4685        0.4690         24.4694        0.4682         
24.519-0.22    24.5170        -0.2296        24.5188        -0.2284        24.5185        -0.2280        24.5195        -0.2278        
24.573-0.075   24.5759        -0.0741        24.5761        -0.0739        24.5755        -0.0740        24.5756        -0.0736        
24.964-0.173   24.8482        -0.1009        24.8487        -0.1005        24.8490        -0.1004        24.8491        -0.1001        
25.426-0.175   25.3976        -0.0318        25.3980        -0.0313        25.3976        -0.0312        25.3979        -0.0308        
25.428+0.11    25.4106        0.1046         25.4110        0.1047         25.4110        0.1053         25.4113        0.1053         
25.568-0.096   25.5696        -0.0951        25.5703        -0.0951        25.5701        -0.0957        25.5701        -0.0960        
25.689+0.211   25.6802        0.1918         25.6804        0.1904         25.6805        0.1904         25.6793        0.1886         
25.986-0.076   25.9868        -0.0763        25.9871        -0.0762        25.9865        -0.0760        25.9874        -0.0758        
26.278-0.049   26.2728        -0.0449        26.2732        -0.0448        26.2729        -0.0445        26.2732        -0.0446        
26.376+0.352   26.3744        0.3526         26.3746        0.3525         26.3744        0.3521         26.3748        0.3525         
26.506-0.445   26.5048        -0.4484        26.5054        -0.4481        26.5051        -0.4480        26.5057        -0.4474        
26.541+0.726   26.5538        0.7299         26.5537        0.7305         26.5531        0.7322         26.5530        0.7330         
26.59-0.163    26.5681        -0.1517        26.5681        -0.1518        26.5679        -0.1523        26.5677        -0.1527        
27.23+0.136    27.2217        0.1359         27.2218        0.1358         27.2214        0.1360         27.2223        0.1361         
27.525+0.198   27.5031        0.1959         27.5038        0.1959         27.5045        0.1957         27.5054        0.1957         
27.751+0.057   27.7574        0.0501         27.7572        0.0504         27.7568        0.0506         27.7578        0.0513         
27.806-0.283   27.7954        -0.2771        27.7957        -0.2773        27.7958        -0.2775        27.7979        -0.2763        
27.956-0.467   27.9676        -0.4749        27.9678        -0.4746        27.9679        -0.4746        27.9682        -0.4738        
28.207-0.038   28.2006        -0.0495        28.2005        -0.0494        28.2024        -0.0497        28.2008        -0.0489        
28.312-0.305   28.3145        -0.3086        28.3140        -0.3079        28.3139        -0.3067        28.3146        -0.3063        
28.356+0.11    28.3545        0.1034         28.3543        0.1029         28.3542        0.1023         28.3529        0.1014         
28.402-0.007   28.4160        -0.0046        28.4159        -0.0046        28.4154        -0.0059        28.4152        -0.0058        
28.434+0.075   28.4045        0.0137         28.4037        0.0133         28.4050        0.0121         28.4046        0.0112         
28.537-0.277   28.5582        -0.2912        28.5591        -0.2926        28.5589        -0.2919        28.5596        -0.2909        
29.01-0.605    28.9864        -0.6184        28.9863        -0.6197        28.9865        -0.6203        28.9877        -0.6198        
29.236-0.051   29.2351        -0.0470        29.2353        -0.0467        29.2355        -0.0468        29.2359        -0.0469        
29.309-0.786   29.3104        -0.7869        29.3103        -0.7865        29.3110        -0.7860        29.3114        -0.7857        
29.891-0.789   29.8878        -0.7811        29.8881        -0.7813        29.8881        -0.7808        29.8886        -0.7803        
29.962-0.789   29.9089        -0.8031        29.9094        -0.8047        29.9090        -0.8047        29.9093        -0.8046        
30.438-0.1     30.4213        -0.1051        30.4222        -0.1070        30.4220        -0.1064        30.4229        -0.1055        
30.601-0.683   30.5445        -0.5350        30.5442        -0.5352        30.5445        -0.5350        30.5442        -0.5351        
30.827+0.052   30.8222        0.0592         30.8226        0.0593         30.8228        0.0595         30.8237        0.0598         
30.846+0.181   30.8353        0.1668         30.8358        0.1670         30.8359        0.1669         30.8361        0.1675         
30.995-0.763   30.9953        -0.7619        30.9950        -0.7615        30.9961        -0.7616        30.9968        -0.7612        
31.843-0.128   31.8391        -0.1291        31.8396        -0.1292        31.8407        -0.1296        31.8422        -0.1294        
33.39+0.17     33.3889        0.1673         33.3889        0.1676         33.3890        0.1673         33.3895        0.1677         
34.365-0.676   34.3632        -0.6747        34.3642        -0.6741        34.3641        -0.6742        34.3648        -0.6741        
34.731+0.547   34.7299        0.5495         34.7293        0.5500         34.7300        0.5492         34.7302        0.5496         
34.745+0.533   34.7451        0.5341         34.7451        0.5342         34.7461        0.5326         34.7462        0.5328         
34.986+0.316   34.9860        0.3389         34.9856        0.3389         34.9858        0.3386         34.9871        0.3387         
35.023-0.916   35.0226        -0.9166        35.0233        -0.9158        35.0237        -0.9168        35.0236        -0.9169        
35.036-0.204   35.0362        -0.2049        35.0363        -0.2048        35.0366        -0.2053        35.0371        -0.2052        
35.083-0.74    35.1134        -0.7532        35.1130        -0.7529        35.1148        -0.7526        35.1143        -0.7522        
35.133-0.75    35.1322        -0.7438        35.1323        -0.7438        35.1321        -0.7442        35.1326        -0.7440        
35.191-0.758   35.1968        -0.7423        35.1968        -0.7421        35.1963        -0.7437        35.1978        -0.7422        
35.786-0.139   35.7965        -0.1346        35.7969        -0.1347        35.7965        -0.1346        35.7963        -0.1343        
36.657+0.627   36.6569        0.6283         36.6573        0.6282         36.6573        0.6282         36.6575        0.6278         
36.832+0.014   36.8321        0.0149         36.8325        0.0148         36.8322        0.0157         36.8319        0.0175         
37.163+0.083   37.1741        0.0990         37.1738        0.1002         37.1733        0.1002         37.1733        0.1001         
37.492+0.152   37.4928        0.1516         37.4929        0.1518         37.4929        0.1523         37.4934        0.1524         
37.558+0.15    37.5579        0.1504         37.5580        0.1505         37.5579        0.1501         37.5588        0.1498         
38.363-0.919   38.3557        -0.9326        38.3560        -0.9321        38.3565        -0.9320        38.3574        -0.9317        
38.939-0.365   38.8325        -0.5656        38.8326        -0.5655        38.8323        -0.5658        38.8324        -0.5655        
38.939-0.365   38.8426        -0.4555        38.8412        -0.4569        38.8408        -0.4571        38.8405        -0.4575        
38.939-0.365   38.8791        -0.4382        38.8792        -0.4378        38.8792        -0.4387        38.8789        -0.4378        
39.411-0.939   39.4099        -0.9412        39.4099        -0.9390        39.4096        -0.9397        39.4098        -0.9394        
39.896-0.079   39.8986        -0.0751        39.8987        -0.0750        39.8978        -0.0752        39.8980        -0.0755        
40.606-0.097   40.5995        -0.0959        40.6004        -0.0954        40.6012        -0.0968        40.6024        -0.0968        
40.787-0.124   40.7875        -0.1239        40.7878        -0.1241        40.7873        -0.1246        40.7882        -0.1253        
41.065-0.234   41.0667        -0.2420        41.0659        -0.2423        41.0639        -0.2440        41.0638        -0.2436        
41.089-0.274   41.0762        -0.2380        41.0768        -0.2386        41.0763        -0.2397        41.0767        -0.2402        
41.146-0.1     41.1332        -0.1343        41.1331        -0.1346        41.1330        -0.1365        41.1320        -0.1364        
41.182-0.161   41.2158        -0.1685        41.2158        -0.1689        41.2157        -0.1681        41.2163        -0.1672        
43.068-0.045   43.0783        0.0037         43.0785        0.0038         43.0787        0.0034         43.0793        0.0026         
43.068-0.045   43.1281        -0.0349        43.1292        -0.0344        43.1294        -0.0343        43.1297        -0.0332        
43.174-0.075   43.1807        -0.0562        43.1828        -0.0568        43.1828        -0.0568        43.1835        -0.0559        
43.207-0.013   43.0214        -0.0234        43.0214        -0.0229        43.0204        -0.0231        43.0205        -0.0227        
43.207-0.013   43.1651        -0.0282        43.1651        -0.0282        43.1647        -0.0273        43.1656        -0.0270        
46.403-0.236   46.3867        -0.2403        46.3870        -0.2401        46.3869        -0.2397        46.3870        -0.2377        
46.423-0.266   46.4190        -0.2281        46.4187        -0.2273        46.4181        -0.2276        46.4195        -0.2280        
46.866-0.299   46.8715        -0.3010        46.8716        -0.3010        46.8713        -0.3012        46.8710        -0.3012        
48.55-0.026    48.5456        0.0076         48.5472        0.0065         48.5484        0.0063         48.5500        0.0062         
48.553+0.024   48.5436        -0.0170        48.5426        -0.0170        48.5428        -0.0175        48.5430        -0.0170        
48.582-0.001   48.5608        -0.0067        48.5610        -0.0067        48.5617        -0.0059        48.5621        -0.0056        
48.586-0.514   48.6321        -0.4549        48.6319        -0.4573        48.6326        -0.4582        48.6331        -0.4589        
48.602+0.294   48.6097        0.2456         48.6094        0.2472         48.6098        0.2483         48.6084        0.2493         
48.627-0.699   48.6052        -0.6698        48.6046        -0.6691        48.6034        -0.6694        48.6044        -0.6686        
48.642+0.015   48.6325        0.0134         48.6318        0.0111         48.6320        0.0107         48.6343        0.0104         
48.767-0.323   48.7856        -0.3054        48.7875        -0.3048        48.7874        -0.3041        48.7875        -0.3041        
48.852-0.527   48.8739        -0.5077        48.8744        -0.5069        48.8752        -0.5058        48.8749        -0.5060        
48.953-0.28    48.9165        -0.2687        48.9167        -0.2679        48.9173        -0.2671        48.9173        -0.2670        
48.981-0.368   49.0126        -0.3019        49.0136        -0.3035        49.0145        -0.3049        49.0141        -0.3052        
49.113-0.299   49.1323        -0.3008        49.1329        -0.3008        49.1341        -0.3006        49.1344        -0.3010        
49.417-0.025   49.4101        -0.0070        49.4096        -0.0071        49.4100        -0.0073        49.4103        -0.0074        
49.433-0.22    49.4445        -0.2580        49.4448        -0.2589        49.4447        -0.2586        49.4448        -0.2589        
49.478-0.41    49.3901        -0.3255        49.3899        -0.3261        49.3897        -0.3254        49.3905        -0.3255        
49.55-0.542    49.5815        -0.4546        49.5821        -0.4536        49.5832        -0.4520        49.5832        -0.4523        
49.618-0.554   49.6416        -0.4819        49.6400        -0.4841        49.6381        -0.4836        49.6386        -0.4842        
49.736-0.176   49.7281        -0.1745        49.7281        -0.1740        49.7282        -0.1744        49.7303        -0.1753        
51.098+0.113   51.1032        0.1155         51.1021        0.1153         51.1013        0.1150         51.1024        0.1157         
51.803+0.667   51.7845        0.6865         51.7853        0.6854         51.7851        0.6847         51.7868        0.6838         
52.305-0.552   52.2614        -0.5400        52.2622        -0.5388        52.2627        -0.5375        52.2636        -0.5381        
52.676+0.158   52.6784        0.1588         52.6783        0.1590         52.6780        0.1592         52.6781        0.1601         
53.055+0.031   53.0558        0.0387         53.0558        0.0388         53.0555        0.0389         53.0557        0.0384         
53.104+0.259   53.0882        0.2590         53.0885        0.2589         53.0878        0.2590         53.0870        0.2606         
53.184+0.183   53.1859        0.2089         53.1854        0.2089         53.1847        0.2100         53.1850        0.2105         
53.263-0.009   53.2620        0.0083         53.2618        0.0083         53.2608        0.0092         53.2598        0.0084         
53.317+0.034   53.3129        0.0298         53.3128        0.0303         53.3129        0.0309         53.3140        0.0318         
53.401+0.065   53.4174        0.0555         53.4178        0.0558         53.4179        0.0557         53.4180        0.0560         
53.562+0.291   53.5734        0.2754         53.5739        0.2751         53.5750        0.2759         53.5760        0.2749         
53.566+0.239   53.6209        0.2342         53.6204        0.2363         53.6194        0.2369         53.6195        0.2377         
53.586+0.196   53.6148        0.1964         53.6142        0.1958         53.6137        0.1961         53.6124        0.1957         
53.876-0.175   53.9139        -0.1781        53.9125        -0.1799        53.9128        -0.1800        53.9129        -0.1800        
53.876-0.175   53.9150        -0.1385        53.9154        -0.1386        53.9149        -0.1388        53.9148        -0.1375        
54.065-0.017   54.0848        -0.0515        54.0849        -0.0512        54.0848        -0.0508        54.0849        -0.0504        
54.484+1.017   54.4751        0.9555         54.4754        0.9560         54.4746        0.9556         54.4751        0.9561         
55.342-0.571   55.3261        -0.5743        55.3255        -0.5733        55.3242        -0.5735        55.3258        -0.5732        
55.533-0.342   55.5455        -0.3460        55.5461        -0.3447        55.5461        -0.3444        55.5460        -0.3431        
