map_name       250 glon       250 glat       350 glon       350 glat       
---------------------------------------------------------------------------------------------------------------------------------------
15.007+0.008   15.0069        0.0102         15.0074        0.0097         
15.054+0.086   15.0444        0.0768         15.0454        0.0764         
15.55-0.454    15.5462        -0.4480        15.5433        -0.4454        
15.907-0.147   15.9082        -0.1460        15.9080        -0.1449        
16.305-0.072   16.3145        -0.0744        16.3123        -0.0729        
16.386-0.212   16.3874        -0.2189        16.3877        -0.2190        
16.65-0.36     16.6398        -0.3646        16.6399        -0.3639        
16.661-0.343   16.6643        -0.3403        16.6662        -0.3397        
16.661-0.343   16.6808        -0.3430        16.6812        -0.3425        
16.852-0.319   16.8492        -0.3169        16.8494        -0.3169        
16.905+0.343   16.9141        0.3245         16.9139        0.3236         
16.905+0.343   16.9050        0.3384         16.9061        0.3395         
16.905+0.343   16.9056        0.3497         16.9077        0.3501         
16.925+0.242   16.9158        0.1996         16.9162        0.1994         
16.925+0.242   16.9099        0.2187         16.9108        0.2207         
16.925+0.242   16.9258        0.2423         16.9250        0.2439         
16.925+0.242   16.9255        0.2655         16.9257        0.2653         
16.941+0.458   16.9017        0.4543         16.9029        0.4532         
16.941+0.458   16.9001        0.4671         16.8997        0.4682         
17.082+0.442   17.0578        0.4085         17.0579        0.4106         
17.082+0.442   17.0556        0.4376         17.0559        0.4371         
17.082+0.442   17.0821        0.3955         17.0832        0.3959         
17.082+0.442   17.0823        0.4456         17.0836        0.4471         
17.082+0.442   17.1177        0.4985         17.1201        0.4996         
17.082+0.442   17.1045        0.5316         17.1043        0.5323         
17.082+0.442   17.1060        0.5473         17.1066        0.5471         
17.206+0.292   17.2095        0.2922         17.2101        0.2927         
17.211+0.782   17.2242        0.7974         17.2235        0.7979         
17.619-0.204   17.6228        -0.2044        17.6223        -0.2040        
18.105-0.234   18.0978        -0.2303        18.0983        -0.2311        
18.145-0.416   18.1455        -0.4168        18.1456        -0.4170        
18.145-0.416   18.1815        -0.4710        18.1817        -0.4720        
18.214-0.486   18.2151        -0.4868        18.2139        -0.4864        
18.232-0.153   18.2288        -0.1207        18.2287        -0.1199        
18.261-0.309   18.2240        -0.3276        18.2252        -0.3251        
18.287-0.256   18.2906        -0.3200        18.2905        -0.3202        
18.287-0.256   18.2734        -0.2830        18.2747        -0.2826        
18.287-0.256   18.2349        -0.1891        18.2369        -0.1877        
18.287-0.256   18.3007        -0.3120        18.3016        -0.3115        
18.287-0.256   18.2481        -0.2070        18.2473        -0.2065        
18.287-0.256   18.2448        -0.1904        18.2464        -0.1894        
18.287-0.256   18.2758        -0.2344        18.2771        -0.2375        
18.287-0.256   18.3011        -0.2663        18.3009        -0.2666        
18.287-0.256   18.2570        -0.1667        18.2585        -0.1671        
18.287-0.256   18.3136        -0.2568        18.3138        -0.2560        
18.287-0.256   18.2656        -0.1561        18.2656        -0.1557        
18.326-0.279   18.3076        -0.3244        18.3074        -0.3245        
18.341-0.276   18.3598        -0.2755        18.3586        -0.2753        
18.366-0.392   18.3492        -0.3706        18.3496        -0.3698        
18.366-0.392   18.3734        -0.3950        18.3740        -0.3951        
18.472-0.18    18.4504        -0.2030        18.4504        -0.2026        
18.486-0.165   18.4854        -0.1651        18.4863        -0.1646        
18.5-0.183     18.4994        -0.1808        18.4994        -0.1807        
18.571-0.435   18.5686        -0.4448        18.5680        -0.4432        
18.571-0.435   18.5718        -0.4344        18.5717        -0.4340        
18.681-0.051   18.6776        -0.0538        18.6778        -0.0530        
18.689-0.093   18.6874        -0.0910        18.6877        -0.0909        
18.69-0.383    18.6830        -0.3741        18.6857        -0.3755        
18.762-0.029   18.7634        -0.0292        18.7641        -0.0287        
18.787-0.55    18.7675        -0.5440        18.7665        -0.5439        
18.849-0.086   18.8486        -0.0856        18.8460        -0.0840        
18.854+0.713   18.8455        0.6814         18.8458        0.6803         
18.886+0.068   18.8208        0.0106         18.8217        0.0108         
18.886+0.068   18.8659        -0.0160        18.8651        -0.0143        
18.886+0.068   18.8860        -0.0247        18.8863        -0.0243        
18.886+0.068   18.8935        0.0270         18.8947        0.0275         
18.886+0.068   18.9063        0.0303         18.9059        0.0306         
18.886+0.068   18.9080        0.0417         18.9075        0.0404         
18.886+0.068   18.9066        0.0800         18.9063        0.0785         
18.886+0.068   18.8888        0.1353         18.8894        0.1362         
18.886+0.068   18.9204        0.0781         18.9211        0.0792         
18.886+0.068   18.8987        0.1366         18.8978        0.1367         
18.886+0.068   18.9510        0.0545         18.9513        0.0533         
18.886+0.068   18.9716        0.0472         18.9715        0.0485         
18.893+1.005   18.9369        0.9759         18.9374        0.9765         
18.893+1.005   18.9296        1.0134         18.9313        1.0133         
18.906-0.152   18.9068        -0.1512        18.9066        -0.1502        
18.907-0.09    18.9070        -0.0934        18.9059        -0.0924        
18.927-0.524   18.9162        -0.5153        18.9172        -0.5155        
18.927-0.524   18.9311        -0.5154        18.9320        -0.5157        
18.927-0.524   18.9216        -0.4847        18.9219        -0.4844        
18.947+0.859   18.9326        0.8646         18.9354        0.8665         
18.949+0.039   18.9223        0.0552         18.9217        0.0551         
18.949+0.039   18.9485        0.0410         18.9491        0.0408         
18.972-0.404   18.9007        -0.4038        18.8999        -0.4041        
18.974-0.262   18.9660        -0.2676        18.9664        -0.2673        
18.997+0.014   19.0043        -0.0090        19.0039        -0.0081        
19.019-0.07    18.9915        -0.0573        18.9912        -0.0573        
19.036-0.439   19.0072        -0.4504        19.0079        -0.4505        
19.041-0.515   19.0435        -0.5360        19.0418        -0.5361        
19.041-0.515   19.0216        -0.4874        19.0208        -0.4871        
19.07+0.536    19.0768        0.5427         19.0773        0.5433         
19.082-0.291   18.8524        -0.1811        18.8531        -0.1806        
19.082-0.291   18.9128        -0.2083        18.9131        -0.2079        
19.082-0.291   19.0929        -0.2856        19.0936        -0.2857        
19.082-0.291   19.0769        -0.2473        19.0772        -0.2468        
19.103-0.23    19.1035        -0.2317        19.1039        -0.2313        
19.113+0.456   19.0954        0.4440         19.0965        0.4447         
19.113+0.456   19.1137        0.4595         19.1139        0.4601         
19.137-0.056   19.1246        -0.0529        19.1246        -0.0528        
19.159-0.493   19.1293        -0.5352        19.1293        -0.5360        
19.159-0.493   19.1393        -0.5199        19.1395        -0.5190        
19.159-0.493   19.1341        -0.4898        19.1342        -0.4898        
19.186-0.299   19.1870        -0.2744        19.1876        -0.2746        
19.242+0.071   19.2427        0.0691         19.2432        0.0696         
19.281-0.387   19.2815        -0.3877        19.2823        -0.3875        
19.284+0.455   19.2839        0.4297         19.2849        0.4301         
19.284+0.455   19.3201        0.4442         19.3206        0.4443         
19.284+0.455   19.3046        0.4854         19.3035        0.4841         
19.42-0.089    19.4134        -0.1174        19.4139        -0.1178        
19.52+0.067    19.5284        0.0475         19.5288        0.0487         
19.653-0.118   19.6024        -0.0934        19.6022        -0.0932        
19.653-0.118   19.6441        -0.1542        19.6450        -0.1531        
19.653-0.118   19.6573        -0.1234        19.6576        -0.1231        
19.653-0.118   19.6699        -0.1389        19.6709        -0.1383        
19.834-0.336   19.7966        -0.3626        19.7973        -0.3627        
19.834-0.336   19.8422        -0.3451        19.8418        -0.3457        
19.834-0.749   19.8495        -0.7268        19.8505        -0.7268        
19.968-0.104   19.9689        -0.1043        19.9697        -0.1043        
20.031-0.706   20.0309        -0.7076        20.0318        -0.7068        
20.699-0.084   20.7044        -0.0840        20.7034        -0.0841        
20.775-0.076   20.7579        -0.1074        20.7588        -0.1077        
20.985+0.136   20.9847        0.1356         20.9850        0.1356         
21.321-0.139   21.3213        -0.1389        21.3216        -0.1391        
21.412-0.531   21.4496        -0.6118        21.4500        -0.6111        
21.918-0.002   21.9198        -0.0033        21.9200        -0.0025        
21.977+0.232   21.9768        0.2342         21.9739        0.2319         
22.056+0.19    22.0278        0.1928         22.0280        0.1924         
22.253+0.03    22.2420        0.0360         22.2431        0.0355         
22.31-0.628    22.3098        -0.6268        22.3081        -0.6263        
22.429+0.269   22.3833        0.3048         22.3833        0.3016         
22.429+0.269   22.4153        0.2759         22.4157        0.2760         
22.429+0.269   22.4307        0.2715         22.4317        0.2722         
22.429+0.269   22.4153        0.3174         22.4151        0.3169         
22.429+0.269   22.4383        0.2809         22.4383        0.2810         
22.429+0.269   22.4416        0.2951         22.4429        0.2957         
22.429+0.269   22.4525        0.3097         22.4518        0.3076         
22.429+0.269   22.4682        0.3086         22.4682        0.3094         
22.429+0.269   22.4906        0.3230         22.4901        0.3230         
22.429+0.269   22.5160        0.3096         22.5165        0.3098         
22.429+0.269   22.5128        0.3262         22.5131        0.3259         
22.429+0.269   22.5084        0.3437         22.5087        0.3449         
22.429+0.269   22.5052        0.3550         22.5052        0.3557         
22.429+0.269   22.5276        0.3519         22.5266        0.3534         
22.429+0.269   22.5726        0.3442         22.5705        0.3450         
22.43-0.706    22.4336        -0.7031        22.4321        -0.7033        
22.53+0.274    22.5204        0.2710         22.5200        0.2712         
22.53+0.274    22.5290        0.2746         22.5295        0.2757         
22.546-0.526   22.5127        -0.5187        22.5141        -0.5188        
22.546-0.526   22.5221        -0.5222        22.5220        -0.5211        
22.546-0.526   22.5338        -0.5290        22.5352        -0.5289        
22.546-0.526   22.5301        -0.5168        22.5294        -0.5167        
22.585-0.204   22.5867        -0.2035        22.5860        -0.2037        
22.698-0.21    22.6975        -0.2105        22.6979        -0.2106        
22.729+0.126   22.7183        0.1080         22.7181        0.1086         
22.729+0.126   22.7277        0.1261         22.7276        0.1263         
22.795-0.457   22.7970        -0.4811        22.7971        -0.4812        
22.795-0.457   22.8073        -0.4507        22.8079        -0.4519        
22.795-0.457   22.8307        -0.4541        22.8308        -0.4541        
22.866-0.41    22.8312        -0.4066        22.8316        -0.4070        
22.942-0.193   22.9492        -0.1896        22.9491        -0.1896        
22.945-0.446   22.9453        -0.4445        22.9469        -0.4436        
22.991+0.725   22.9922        0.7271         22.9920        0.7267         
23.031-0.624   23.0311        -0.6239        23.0320        -0.6242        
23.066+0.049   23.0655        0.0396         23.0660        0.0399         
23.066+0.049   23.0689        0.0483         23.0687        0.0485         
23.066+0.049   23.0681        0.0616         23.0681        0.0626         
23.078+0.569   23.0364        0.4993         23.0367        0.5015         
23.091-0.334   23.0901        -0.3336        23.0913        -0.3339        
23.091-0.334   23.0880        -0.3084        23.0888        -0.3106        
23.104-0.071   23.1015        -0.0881        23.1020        -0.0871        
23.117+0.137   23.1140        0.1113         23.1145        0.1097         
23.126+0.624   23.1176        0.5995         23.1203        0.6015         
23.136-0.483   23.1211        -0.4509        23.1206        -0.4489        
23.14-0.326    23.1244        -0.3330        23.1253        -0.3330        
23.234-0.27    23.2272        -0.2755        23.2273        -0.2753        
23.234-0.27    23.2351        -0.2677        23.2347        -0.2680        
23.252+0.017   23.2255        0.0072         23.2259        0.0073         
23.252+0.017   23.2442        0.0061         23.2434        0.0078         
23.252+0.017   23.2523        0.0184         23.2518        0.0188         
23.294-0.202   23.2784        -0.2150        23.2773        -0.2152        
23.294-0.202   23.3103        -0.1935        23.3101        -0.1938        
23.296+0.055   23.2957        0.0548         23.2966        0.0550         
23.321-0.078   23.3240        -0.0771        23.3231        -0.0777        
23.378+0.098   23.3790        0.0991         23.3777        0.1000         
23.382-0.022   23.3814        -0.0207        23.3819        -0.0206        
23.423-0.103   23.3192        -0.1071        23.3196        -0.1071        
23.423-0.103   23.3255        -0.1142        23.3272        -0.1140        
23.423-0.103   23.3509        -0.1562        23.3522        -0.1558        
23.423-0.103   23.3781        -0.1307        23.3786        -0.1297        
23.463-0.23    23.4534        -0.2302        23.4546        -0.2294        
23.477-0.536   23.4450        -0.5240        23.4464        -0.5238        
23.477-0.536   23.4804        -0.5441        23.4804        -0.5422        
23.477-0.536   23.4793        -0.5343        23.4796        -0.5329        
23.56+0.331    23.5604        0.3309         23.5609        0.3321         
23.588-0.009   23.5347        -0.0589        23.5352        -0.0591        
23.646+0.245   23.6372        0.2484         23.6377        0.2483         
23.646+0.245   23.6476        0.2437         23.6474        0.2437         
23.655-0.143   23.6679        -0.1338        23.6678        -0.1342        
23.69+0.263    23.6906        0.2640         23.6899        0.2652         
23.721+0.185   23.7239        0.1846         23.7246        0.1857         
23.721+0.257   23.7226        0.2599         23.7231        0.2601         
23.721+0.257   23.7178        0.2732         23.7185        0.2730         
23.766+0.534   23.7913        0.5332         23.7914        0.5334         
23.846-0.304   23.8462        -0.3035        23.8480        -0.3041        
23.853+0.069   23.8543        0.0716         23.8547        0.0725         
23.856-0.169   23.8578        -0.1707        23.8590        -0.1704        
23.856-0.169   23.8897        -0.1801        23.8898        -0.1804        
23.864+0.018   23.8627        0.0199         23.8628        0.0201         
23.923-0.208   23.9250        -0.2081        23.9244        -0.2078        
23.98+0.149    23.9788        0.1506         23.9796        0.1507         
24.044+0.087   24.0373        0.1065         24.0378        0.1066         
24.044+0.087   24.0485        0.1037         24.0482        0.1050         
24.05-0.214    24.0496        -0.2140        24.0499        -0.2141        
24.097+0.349   24.0799        0.3451         24.0810        0.3446         
24.097+0.349   24.0966        0.3491         24.0967        0.3494         
24.153+0.394   24.1538        0.3948         24.1549        0.3954         
24.193-0.081   24.1956        -0.0795        24.1958        -0.0793        
24.296+0.206   24.2982        0.2126         24.2980        0.2123         
24.315+0.083   24.3547        0.0423         24.3521        0.0395         
24.325-0.123   24.3193        -0.1217        24.3204        -0.1221        
24.355+0.254   24.3646        0.2896         24.3666        0.2922         
24.373-0.157   24.3397        -0.1649        24.3401        -0.1650        
24.373-0.157   24.3657        -0.1670        24.3657        -0.1666        
24.392+0.448   24.3788        0.4557         24.3794        0.4555         
24.392+0.448   24.3968        0.4433         24.3949        0.4451         
24.392+0.448   24.3843        0.4733         24.3864        0.4741         
24.392+0.448   24.4210        0.4341         24.4209        0.4342         
24.427-0.527   24.4285        -0.5267        24.4292        -0.5268        
24.467+0.285   24.4563        0.2864         24.4578        0.2858         
24.475-0.518   24.4936        -0.4992        24.4943        -0.4997        
24.485-0.22    24.4583        -0.2754        24.4572        -0.2761        
24.485-0.22    24.4385        -0.2081        24.4394        -0.2077        
24.485-0.22    24.5310        -0.2105        24.5316        -0.2099        
24.485-0.22    24.5469        -0.2145        24.5468        -0.2140        
24.491+0.339   24.4676        0.3111         24.4671        0.3105         
24.491+0.339   24.4809        0.3230         24.4818        0.3194         
24.491+0.339   24.5298        0.3225         24.5286        0.3226         
24.491+0.339   24.5268        0.3524         24.5283        0.3515         
24.491-0.363   24.4919        -0.3628        24.4923        -0.3625        
24.528-0.136   24.5068        -0.1692        24.5068        -0.1687        
24.528-0.136   24.5111        -0.1483        24.5100        -0.1477        
24.528-0.136   24.5305        -0.1271        24.5297        -0.1262        
24.547-0.736   24.5627        -0.7288        24.5630        -0.7289        
24.555+0.214   24.5915        0.2123         24.5915        0.2123         
24.566+0.343   24.5675        0.3311         24.5670        0.3332         
24.566+0.343   24.5966        0.3316         24.5959        0.3330         
24.576-0.262   24.5760        -0.2640        24.5762        -0.2648        
24.579-0.141   24.6139        -0.1402        24.6144        -0.1400        
24.596+0.133   24.5964        0.1354         24.5971        0.1357         
24.668-0.115   24.6915        -0.1243        24.6912        -0.1240        
24.789+0.633   24.7881        0.6517         24.7891        0.6531         
24.813-0.107   24.8172        -0.1285        24.8170        -0.1288        
24.855+0.683   24.8552        0.6834         24.8561        0.6834         
24.964-0.173   24.8627        -0.1184        24.8633        -0.1182        
24.964-0.173   24.8914        -0.1298        24.8907        -0.1291        
24.964-0.173   24.9331        -0.1687        24.9336        -0.1680        
24.964-0.173   24.9220        -0.1367        24.9216        -0.1355        
24.964-0.173   24.9636        -0.1714        24.9645        -0.1721        
24.964-0.173   24.9552        -0.0788        24.9553        -0.0792        
24.964-0.173   24.9935        -0.0993        24.9944        -0.0995        
25.046-0.183   25.0483        -0.1813        25.0472        -0.1805        
25.075+0.202   25.0753        0.2019         25.0754        0.2023         
25.076+0.182   25.0766        0.1828         25.0767        0.1826         
25.142-0.471   25.1590        -0.4619        25.1593        -0.4621        
25.166+0.753   25.1679        0.7527         25.1676        0.7544         
25.205-0.466   25.1914        -0.4624        25.1916        -0.4629        
25.236+0.451   25.2369        0.4516         25.2372        0.4515         
25.266+0.38    25.2706        0.3797         25.2705        0.3796         
25.272-0.434   25.2842        -0.4397        25.2846        -0.4390        
25.273-0.74    25.2931        -0.7628        25.2945        -0.7634        
25.342-0.196   25.3274        -0.1972        25.3274        -0.1974        
25.344-0.063   25.3311        -0.1209        25.3311        -0.1205        
25.344-0.063   25.3485        -0.0976        25.3500        -0.0974        
25.354+0.263   25.3515        0.2325         25.3510        0.2335         
25.354+0.263   25.3394        0.2695         25.3393        0.2704         
25.365-0.435   25.3662        -0.4353        25.3658        -0.4355        
25.383-0.303   25.3860        -0.3023        25.3868        -0.3017        
25.394-0.361   25.3581        -0.3458        25.3583        -0.3457        
25.41-0.452    25.4117        -0.4507        25.4120        -0.4502        
25.426-0.175   25.4124        -0.1600        25.4133        -0.1594        
25.426-0.175   25.4551        -0.2092        25.4551        -0.2094        
25.439-0.528   25.4230        -0.4697        25.4236        -0.4682        
25.474-0.225   25.4754        -0.2073        25.4782        -0.2082        
25.563+0.633   25.5631        0.6353         25.5639        0.6350         
25.609+0.228   25.5867        0.2459         25.5867        0.2462         
25.614-0.307   25.6147        -0.3066        25.6149        -0.3061        
25.635-0.329   25.6351        -0.3283        25.6356        -0.3279        
25.674-0.123   25.6642        -0.1190        25.6644        -0.1189        
25.726-0.256   25.7255        -0.2561        25.7260        -0.2573        
25.747+0.028   25.7470        0.0284         25.7472        0.0290         
25.772+0.215   25.7406        0.2416         25.7399        0.2421         
25.772+0.215   25.7650        0.2655         25.7652        0.2664         
25.772+0.215   25.8350        0.2714         25.8351        0.2719         
25.79+0.619    25.7978        0.6148         25.7978        0.6157         
25.795+0.602   25.7973        0.6021         25.7984        0.6015         
25.808+0.825   25.7856        0.8207         25.7858        0.8214         
25.917-0.234   25.9182        -0.2350        25.9187        -0.2341        
26.082+0.02    26.0869        0.0293         26.0875        0.0290         
26.083-0.036   26.0773        -0.0653        26.0753        -0.0670        
26.147+0.035   26.1457        0.0356         26.1467        0.0346         
26.25-0.03     26.2508        -0.0306        26.2514        -0.0305        
26.291+0.134   26.2596        0.1336         26.2600        0.1342         
26.291+0.134   26.2911        0.1340         26.2910        0.1349         
26.291+0.134   26.3023        0.1785         26.3022        0.1784         
26.329-0.372   26.3134        -0.3564        26.3133        -0.3565        
26.344+0.135   26.3454        0.1374         26.3449        0.1378         
26.432-0.662   26.4336        -0.6722        26.4330        -0.6708        
26.432-0.662   26.4181        -0.6421        26.4185        -0.6414        
26.432-0.662   26.4341        -0.6617        26.4350        -0.6624        
26.432-0.662   26.4535        -0.6755        26.4541        -0.6753        
26.456-0.392   26.4453        -0.4049        26.4450        -0.4053        
26.507+0.716   26.5094        0.7173         26.5099        0.7177         
26.517-0.399   26.5180        -0.3996        26.5193        -0.3989        
26.532-0.103   26.5327        -0.1023        26.5330        -0.1021        
26.575+0.729   26.5689        0.6942         26.5679        0.6944         
26.581+0.429   26.5647        0.4254         26.5660        0.4259         
26.594-0.303   26.5766        -0.2952        26.5781        -0.2949        
26.594-0.303   26.5937        -0.3016        26.5937        -0.3015        
26.594-0.303   26.6030        -0.3068        26.6036        -0.3070        
26.615-0.112   26.6222        -0.1056        26.6231        -0.1051        
26.615-0.112   26.6355        -0.1006        26.6345        -0.1012        
26.657-0.075   26.6579        -0.0753        26.6585        -0.0749        
26.736+0.213   26.7357        0.2266         26.7361        0.2271         
26.851+0.18    26.8219        0.1724         26.8216        0.1720         
26.851+0.18    26.8515        0.2232         26.8526        0.2237         
26.851+0.18    26.8903        0.1682         26.8906        0.1694         
26.941-0.301   26.9410        -0.3005        26.9411        -0.3006        
26.952+0.185   26.9513        0.1838         26.9530        0.1846         
26.996-0.04    27.0064        -0.0256        27.0058        -0.0254        
27.014-0.619   27.0139        -0.6192        27.0149        -0.6184        
27.021+0.289   27.0238        0.3002         27.0253        0.3006         
27.023-0.099   27.0137        -0.1433        27.0125        -0.1439        
27.131-0.622   27.1250        -0.6213        27.1252        -0.6211        
27.145+0.004   27.1455        0.0045         27.1459        0.0046         
27.359-0.367   27.3569        -0.3918        27.3577        -0.3920        
27.359-0.367   27.3603        -0.3681        27.3604        -0.3663        
27.44-0.017    27.4300        -0.0092        27.4309        -0.0099        
27.458-0.153   27.4601        -0.1511        27.4630        -0.1488        
27.478+0.138   27.4379        0.0847         27.4393        0.0834         
27.538+0.231   27.5472        0.2753         27.5475        0.2761         
27.586+0.06    27.5764        0.0317         27.5761        0.0314         
27.586+0.06    27.5762        0.0463         27.5765        0.0472         
27.586+0.06    27.5889        0.0595         27.5895        0.0593         
27.697-0.174   27.7001        -0.1747        27.7000        -0.1744        
27.795-0.296   27.8069        -0.2934        27.8073        -0.2943        
27.832-0.338   27.8235        -0.3557        27.8241        -0.3543        
27.838-0.22    27.8297        -0.2325        27.8297        -0.2330        
27.864+0.074   27.8182        0.1256         27.8188        0.1252         
27.864+0.074   27.8556        0.0657         27.8562        0.0665         
27.864+0.074   27.8734        0.0883         27.8707        0.0861         
27.895-0.394   27.8959        -0.3932        27.8959        -0.3929        
27.923-0.435   27.9137        -0.4354        27.9149        -0.4347        
27.923-0.435   27.9221        -0.4325        27.9222        -0.4313        
27.971+0.094   27.9693        0.0943         27.9705        0.0952         
27.971+0.094   27.9806        0.1201         27.9816        0.1210         
27.978-0.43    27.9382        -0.3828        27.9386        -0.3813        
27.978-0.43    27.9798        -0.4321        27.9793        -0.4320        
28.047-0.459   28.0332        -0.4867        28.0326        -0.4863        
28.073+0.116   28.0749        0.1171         28.0756        0.1162         
28.087+0.067   28.0887        0.0687         28.0883        0.0693         
28.111-0.448   28.0894        -0.4631        28.0905        -0.4621        
28.111-0.448   28.1116        -0.4479        28.1102        -0.4472        
28.126-0.174   28.1280        -0.1891        28.1273        -0.1883        
28.2-0.402     28.1984        -0.4008        28.1977        -0.4011        
28.251-0.47    28.2500        -0.4230        28.2507        -0.4231        
28.275-0.163   28.2726        -0.1669        28.2737        -0.1658        
28.275-0.163   28.3024        -0.1668        28.3025        -0.1665        
28.275-0.163   28.3069        -0.1085        28.3060        -0.1091        
28.275-0.163   28.3290        -0.0737        28.3287        -0.0736        
28.277-0.352   28.2941        -0.3445        28.2963        -0.3439        
28.277-0.352   28.3458        -0.2417        28.3455        -0.2425        
28.285-0.383   28.2842        -0.3613        28.2874        -0.3629        
28.333+0.063   28.3552        0.0724         28.3562        0.0732         
28.394-0.113   28.3939        -0.1134        28.3933        -0.1135        
28.436-0.124   28.4354        -0.1124        28.4355        -0.1118        
28.447-0.329   28.4457        -0.3166        28.4443        -0.3150        
28.449-0.265   28.4459        -0.2647        28.4470        -0.2642        
28.533-0.024   28.5206        -0.0448        28.5203        -0.0452        
28.565-0.227   28.5406        -0.2359        28.5415        -0.2360        
28.565-0.227   28.5806        -0.2312        28.5823        -0.2297        
28.565-0.227   28.6104        -0.2379        28.6109        -0.2366        
28.565-0.227   28.6088        -0.1878        28.6083        -0.1887        
28.565-0.227   28.6206        -0.1953        28.6213        -0.1947        
28.566-0.339   28.5140        -0.3741        28.5145        -0.3741        
28.566-0.339   28.5202        -0.3033        28.5191        -0.3003        
28.566-0.339   28.5810        -0.4007        28.5813        -0.4000        
28.566-0.339   28.5390        -0.3013        28.5390        -0.3019        
28.566-0.339   28.5993        -0.4027        28.6007        -0.4022        
28.566-0.339   28.5568        -0.3130        28.5575        -0.3122        
28.566-0.339   28.6133        -0.3950        28.6126        -0.3931        
28.566-0.339   28.5717        -0.3053        28.5725        -0.3059        
28.566-0.339   28.5657        -0.2932        28.5665        -0.2921        
28.566-0.339   28.6311        -0.3982        28.6319        -0.3976        
28.566-0.339   28.5902        -0.3164        28.5907        -0.3165        
28.566-0.339   28.5860        -0.3010        28.5866        -0.3006        
28.566-0.339   28.5984        -0.3267        28.5980        -0.3283        
28.566-0.339   28.5839        -0.2898        28.5831        -0.2905        
28.566-0.339   28.6019        -0.3106        28.6025        -0.3102        
28.566-0.339   28.6289        -0.3283        28.6295        -0.3280        
28.575-0.002   28.5528        -0.0108        28.5530        -0.0102        
28.612-0.393   28.5381        -0.2787        28.5382        -0.2787        
28.612-0.393   28.5971        -0.3597        28.5970        -0.3591        
28.677-0.278   28.6443        -0.2639        28.6451        -0.2634        
28.677-0.278   28.6963        -0.2576        28.6965        -0.2588        
28.677-0.278   28.7105        -0.2409        28.7088        -0.2407        
28.714+0.143   28.6619        0.1469         28.6614        0.1467         
28.724+0.239   28.7759        0.2340         28.7750        0.2344         
28.734-0.304   28.7231        -0.2942        28.7242        -0.2954        
28.734-0.304   28.7446        -0.2952        28.7449        -0.2945        
28.766-0.289   28.7690        -0.2891        28.7692        -0.2888        
28.788-0.011   28.7901        -0.0097        28.7913        -0.0089        
28.815+0.424   28.8077        0.4100         28.8077        0.4081         
28.849+0.051   28.8531        0.0438         28.8532        0.0451         
28.861+0.204   28.8632        0.2035         28.8632        0.2037         
28.868-0.237   28.8584        -0.2759        28.8579        -0.2781        
28.905-0.534   28.9113        -0.5490        28.9122        -0.5487        
28.905-0.534   28.9714        -0.5068        28.9718        -0.5066        
28.962-0.735   28.9597        -0.6836        28.9597        -0.6829        
28.967-0.492   28.9821        -0.5220        28.9797        -0.5214        
28.986+0.024   28.9866        0.0236         28.9865        0.0247         
29.026-0.623   29.0269        -0.6226        29.0272        -0.6223        
29.054-0.684   29.0442        -0.6751        29.0445        -0.6748        
29.071-0.542   29.0649        -0.5423        29.0688        -0.5442        
29.071-0.542   29.0861        -0.5700        29.0858        -0.5681        
29.071-0.542   29.1011        -0.5403        29.1012        -0.5402        
29.071-0.542   29.1177        -0.5271        29.1163        -0.5295        
29.103-0.61    29.1025        -0.6100        29.1030        -0.6093        
29.119+0.026   29.1403        0.0332         29.1392        0.0335         
29.174-0.496   29.1759        -0.4967        29.1757        -0.4961        
29.284-0.629   29.3131        -0.6120        29.3133        -0.6125        
29.411-0.645   29.4073        -0.6320        29.4085        -0.6336        
29.411-0.645   29.4081        -0.6114        29.4087        -0.6131        
29.601-0.579   29.5972        -0.5680        29.5981        -0.5672        
29.601-0.579   29.6141        -0.5578        29.6143        -0.5572        
29.607-0.627   29.5905        -0.6467        29.5900        -0.6468        
29.959-0.054   29.9012        -0.0615        29.9009        -0.0627        
29.959-0.054   29.9309        -0.0397        29.9307        -0.0396        
29.962-0.789   29.8667        -0.7939        29.8667        -0.7931        
29.962-0.789   29.8826        -0.7631        29.8839        -0.7645        
29.962-0.789   29.9279        -0.8049        29.9274        -0.8038        
29.962-0.789   29.9522        -0.8351        29.9528        -0.8344        
29.962-0.789   29.9217        -0.7706        29.9221        -0.7704        
29.962-0.789   29.9407        -0.7887        29.9409        -0.7884        
29.962-0.789   29.9733        -0.7707        29.9742        -0.7694        
29.962-0.789   30.0044        -0.8024        30.0041        -0.8027        
30.062+0.108   30.0118        0.0973         30.0127        0.0954         
30.062+0.108   30.0395        0.0887         30.0400        0.0892         
30.143-0.069   30.1431        -0.0662        30.1427        -0.0665        
30.21-0.113    30.2070        -0.1321        30.2079        -0.1310        
30.283+0.058   30.2832        0.0584         30.2839        0.0594         
30.303-0.285   30.3003        -0.2780        30.3013        -0.2801        
30.308-0.245   30.3102        -0.2468        30.3104        -0.2466        
30.314-0.137   30.3170        -0.1568        30.3165        -0.1562        
30.314-0.137   30.3155        -0.1378        30.3161        -0.1379        
30.349-0.273   30.3505        -0.2729        30.3517        -0.2716        
30.438-0.1     30.4393        -0.0994        30.4401        -0.0988        
30.449+0.426   30.4341        0.4068         30.4331        0.4075         
30.492+0.958   30.4790        0.9498         30.4791        0.9500         
30.492+0.958   30.4938        0.9563         30.4931        0.9564         
30.492+0.958   30.5017        0.9488         30.5020        0.9494         
30.492+0.958   30.5050        0.9605         30.5057        0.9610         
30.492+0.958   30.5051        0.9775         30.5047        0.9782         
30.492+0.958   30.5319        0.9596         30.5321        0.9603         
30.494-0.39    30.4884        -0.4036        30.4886        -0.4036        
30.499-0.223   30.4988        -0.2260        30.4990        -0.2245        
30.567-0.051   30.5596        -0.0883        30.5596        -0.0901        
30.578-0.252   30.5828        -0.2104        30.5831        -0.2110        
30.601-0.683   30.5007        -0.5569        30.5005        -0.5569        
30.601-0.683   30.6121        -0.6851        30.6119        -0.6853        
30.601-0.683   30.6629        -0.7290        30.6626        -0.7276        
30.615+0.237   30.6178        0.2085         30.6194        0.2106         
30.615+0.237   30.6130        0.2353         30.6151        0.2375         
30.62-0.351    30.6209        -0.3524        30.6209        -0.3525        
30.663-0.121   30.6534        -0.1228        30.6527        -0.1213        
30.664-0.423   30.6639        -0.4133        30.6654        -0.4157        
30.762-0.782   30.7632        -0.7809        30.7635        -0.7807        
30.807-0.031   30.6634        -0.1442        30.6644        -0.1424        
30.807-0.031   30.7714        -0.0864        30.7726        -0.0870        
30.807-0.031   30.8481        -0.0819        30.8484        -0.0817        
30.807-0.031   30.8413        -0.0202        30.8420        -0.0192        
30.807-0.031   30.8643        -0.0393        30.8645        -0.0392        
30.885+0.152   30.9045        0.1484         30.9051        0.1487         
30.895+0.134   30.8944        0.1390         30.8945        0.1390         
30.942-0.802   30.9642        -0.8037        30.9649        -0.8043        
31.023-0.111   31.0237        -0.1114        31.0247        -0.1121        
31.039+0.241   31.0244        0.2621         31.0257        0.2639         
31.039+0.241   31.0451        0.2482         31.0454        0.2483         
31.039+0.241   31.0643        0.3302         31.0648        0.3305         
31.096+0.221   31.0722        0.2440         31.0728        0.2447         
31.164+0.277   31.1640        0.2779         31.1654        0.2787         
31.858-0.387   31.8494        -0.4093        31.8506        -0.4099        
31.886-0.895   31.8600        -0.8938        31.8594        -0.8943        
31.887+0.144   31.8780        0.1495         31.8798        0.1497         
31.887+0.144   31.8955        0.1291         31.8978        0.1310         
31.906-0.51    31.8977        -0.5226        31.8968        -0.5236        
31.906-0.51    31.8922        -0.5067        31.8936        -0.5065        
31.906-0.51    31.9228        -0.5110        31.9223        -0.5107        
31.946+0.076   31.9301        0.0560         31.9301        0.0565         
31.946+0.076   31.9356        0.0918         31.9361        0.0917         
31.946+0.076   32.0061        0.0383         32.0062        0.0362         
31.995-0.88    32.0210        -0.8856        32.0216        -0.8856        
32.006-0.51    31.9934        -0.5110        31.9937        -0.5072        
32.006-0.51    31.9822        -0.4690        31.9832        -0.4687        
32.006-0.51    31.9932        -0.4625        31.9932        -0.4618        
32.036-0.331   32.0208        -0.3212        32.0227        -0.3203        
32.036-0.331   32.0347        -0.3288        32.0348        -0.3285        
32.036-0.331   32.0513        -0.3464        32.0515        -0.3459        
32.036-0.331   32.0624        -0.3248        32.0635        -0.3240        
32.107-0.378   32.1307        -0.3720        32.1327        -0.3725        
32.147+0.142   32.0120        0.0570         32.0124        0.0581         
32.309-0.885   32.2918        -0.9066        32.2916        -0.9064        
32.309-0.885   32.3380        -0.8458        32.3385        -0.8454        
32.326+0.08    32.3241        0.0723         32.3257        0.0737         
32.326+0.08    32.3372        0.1012         32.3375        0.1011         
32.635-0.255   32.6205        -0.2617        32.6225        -0.2610        
32.635-0.255   32.6188        -0.2389        32.6200        -0.2392        
32.635-0.255   32.6648        -0.2464        32.6641        -0.2461        
32.644-0.781   32.6356        -0.8227        32.6363        -0.8235        
32.718-0.3     32.7029        -0.2922        32.7029        -0.2919        
32.925+0.007   32.9264        0.0079         32.9269        0.0083         
33.212+0.013   33.2021        0.0193         33.2022        0.0193         
33.238+0.27    33.2346        0.2733         33.2368        0.2736         
33.238+0.27    33.2570        0.2754         33.2576        0.2754         
33.325-0.191   33.3238        -0.1922        33.3233        -0.1908        
33.363-0.007   33.3444        -0.0024        33.3445        -0.0023        
33.363-0.007   33.3662        -0.0070        33.3671        -0.0069        
33.568+0.027   33.5668        0.0278         33.5666        0.0280         
33.589-0.035   33.5915        -0.0363        33.5924        -0.0360        
33.988-0.297   33.9773        -0.2787        33.9776        -0.2780        
34.131+0.075   34.1468        0.0950         34.1452        0.0941         
34.172+0.477   34.1697        0.4766         34.1692        0.4766         
34.247+0.156   34.2510        0.2041         34.2514        0.2042         
34.258+0.109   34.2810        0.1012         34.2817        0.1010         
34.539+0.536   34.5164        0.5509         34.5165        0.5507         
34.678-0.615   34.6622        -0.6625        34.6622        -0.6644        
34.685-0.729   34.6564        -0.7349        34.6562        -0.7347        
34.707-0.841   34.7069        -0.8410        34.7076        -0.8408        
34.709-0.67    34.7049        -0.6675        34.7047        -0.6666        
34.725-0.546   34.7098        -0.5838        34.7091        -0.5854        
34.737-0.78    34.7777        -0.8065        34.7779        -0.8071        
34.739-0.118   34.7393        -0.1186        34.7394        -0.1190        
34.766-0.657   34.7607        -0.6794        34.7607        -0.6813        
34.784-0.557   34.7698        -0.5644        34.7710        -0.5640        
34.93+0.338    34.9293        0.3408         34.9296        0.3399         
34.931+0.386   34.9437        0.3896         34.9456        0.3892         
35.002+0.355   35.0079        0.3427         35.0066        0.3431         
35.057-0.537   35.0242        -0.5357        35.0249        -0.5359        
35.099-0.76    35.0994        -0.7848        35.0945        -0.7849        
35.115-0.667   35.1160        -0.6666        35.1158        -0.6669        
35.121-0.007   35.1287        -0.0077        35.1282        -0.0073        
35.125+0.334   35.1456        0.3619         35.1456        0.3617         
35.142-0.407   35.1414        -0.4069        35.1413        -0.4057        
35.191-0.758   35.0869        -0.8192        35.0883        -0.8180        
35.191-0.758   35.1518        -0.7185        35.1525        -0.7180        
35.191-0.758   35.1741        -0.7543        35.1751        -0.7542        
35.25-0.803    35.2497        -0.8031        35.2485        -0.8026        
35.527-0.269   35.4994        -0.3036        35.5003        -0.3037        
35.549+0.049   35.5395        0.0244         35.5394        0.0244         
35.549+0.049   35.5562        0.0147         35.5565        0.0147         
35.549+0.049   35.5668        0.0340         35.5667        0.0348         
35.571-0.897   35.5658        -0.8918        35.5655        -0.8918        
35.58-1.005    35.5707        -1.0111        35.5709        -1.0110        
35.606-0.244   35.6080        -0.2434        35.6080        -0.2441        
35.645-0.246   35.6488        -0.2468        35.6487        -0.2469        
35.732-0.873   35.6997        -0.9817        35.7005        -0.9831        
35.732-0.873   35.7464        -0.9268        35.7466        -0.9265        
35.732-0.873   35.8411        -0.9176        35.8406        -0.9150        
35.732-0.873   35.8309        -0.8891        35.8306        -0.8886        
35.732-0.873   35.8272        -0.8442        35.8277        -0.8424        
35.732-0.873   35.8255        -0.8115        35.8267        -0.8110        
35.745+0.147   35.7626        0.1561         35.7602        0.1558         
35.745+0.147   35.7859        0.1822         35.7856        0.1825         
35.745+0.147   35.7980        0.1599         35.7973        0.1595         
35.839-0.228   35.8620        -0.2312        35.8617        -0.2314        
36.346-0.086   36.3544        -0.1020        36.3530        -0.1013        
36.346-0.086   36.3473        -0.0843        36.3473        -0.0837        
36.59-0.059    36.5986        -0.0712        36.5987        -0.0717        
36.671-0.131   36.6707        -0.1282        36.6710        -0.1304        
36.899-0.41    36.9154        -0.4185        36.9158        -0.4183        
37.35-0.255    37.2773        -0.2495        37.2786        -0.2495        
37.35-0.255    37.2923        -0.2392        37.2931        -0.2381        
37.35-0.255    37.3226        -0.2318        37.3226        -0.2316        
37.35-0.255    37.3202        -0.2206        37.3200        -0.2208        
37.35-0.255    37.3814        -0.2592        37.3827        -0.2582        
37.35-0.255    37.4074        -0.2827        37.4069        -0.2831        
37.438+0.141   37.4271        0.1416         37.4273        0.1412         
37.438+0.141   37.4423        0.1421         37.4438        0.1399         
37.473+0.049   37.4745        0.0491         37.4754        0.0494         
37.487-0.811   37.4619        -0.8122        37.4625        -0.8111        
37.558+0.186   37.5586        0.1865         37.5583        0.1857         
37.562-0.137   37.4312        -0.0503        37.4322        -0.0498        
37.78-0.265    37.7647        -0.2599        37.7653        -0.2600        
37.841-0.09    37.8826        -0.0972        37.8832        -0.0971        
37.884-0.149   37.8859        -0.1518        37.8866        -0.1509        
38.341-0.802   38.3416        -0.8355        38.3421        -0.8341        
38.356-0.96    38.3881        -0.9576        38.3890        -0.9575        
38.85-0.427    38.8796        -0.3905        38.8801        -0.3903        
38.854-0.501   38.8497        -0.5569        38.8492        -0.5565        
38.854-0.501   38.8671        -0.4731        38.8675        -0.4718        
38.854-0.501   38.8862        -0.4792        38.8870        -0.4786        
38.864-0.488   38.8555        -0.5010        38.8559        -0.5009        
38.864-0.488   38.8882        -0.4578        38.8895        -0.4571        
38.939-0.365   38.9067        -0.4737        38.9073        -0.4722        
38.939-0.365   38.9163        -0.4059        38.9169        -0.4057        
38.939-0.365   38.9300        -0.4073        38.9306        -0.4075        
38.962-0.543   38.9628        -0.5443        38.9638        -0.5436        
38.977-0.618   38.9497        -0.6000        38.9493        -0.5994        
38.977-0.618   38.9764        -0.6194        38.9771        -0.6196        
38.99-0.812    38.9941        -0.8123        38.9939        -0.8119        
39.286-0.025   39.2952        -0.0592        39.2950        -0.0588        
39.286-0.025   39.3095        -0.0520        39.3108        -0.0519        
39.328-0.321   39.3366        -0.3009        39.3368        -0.3003        
39.889-0.149   39.8818        -0.1923        39.8821        -0.1921        
40.429-0.018   40.4338        -0.0734        40.4338        -0.0746        
40.429-0.018   40.4050        -0.0039        40.4057        -0.0034        
40.924-0.116   40.9261        -0.1210        40.9260        -0.1194        
41.049-0.138   41.0946        -0.1202        41.0952        -0.1194        
41.065-0.234   41.1179        -0.1880        41.1201        -0.1849        
41.065-0.234   41.1719        -0.1014        41.1712        -0.1016        
41.089-0.274   41.0428        -0.3024        41.0431        -0.3018        
41.089-0.274   41.0481        -0.2892        41.0487        -0.2889        
41.182-0.161   41.1522        -0.1549        41.1522        -0.1543        
41.182-0.161   41.1981        -0.1913        41.1986        -0.1917        
41.213-0.137   41.1947        -0.1216        41.1948        -0.1215        
41.25+0.347    41.2729        0.3515         41.2740        0.3532         
41.382+0.021   41.3744        0.0084         41.3752        0.0076         
41.382+0.021   41.3845        0.0279         41.3836        0.0286         
42.137-0.648   41.9888        -0.6837        41.9893        -0.6830        
42.137-0.648   42.1557        -0.6642        42.1563        -0.6653        
42.137-0.648   42.1368        -0.5824        42.1377        -0.5827        
42.232-0.581   42.2179        -0.5997        42.2184        -0.6001        
42.232-0.581   42.2342        -0.5799        42.2349        -0.5802        
42.243-0.652   42.2230        -0.6496        42.2226        -0.6502        
42.243-0.652   42.2514        -0.6282        42.2516        -0.6281        
42.401-0.309   42.4151        -0.2712        42.4143        -0.2701        
42.807-0.144   42.8091        -0.1442        42.8094        -0.1438        
42.807-0.144   42.8165        -0.1023        42.8166        -0.1023        
42.87-0.181    42.8712        -0.1797        42.8702        -0.1774        
43.139-0.038   43.1092        0.0178         43.1094        0.0173         
43.139-0.038   43.0996        0.0505         43.1007        0.0500         
43.139-0.038   43.1208        0.0098         43.1218        0.0088         
43.139-0.038   43.1075        0.0444         43.1074        0.0445         
43.139-0.038   43.1976        -0.0890        43.1974        -0.0889        
43.139-0.038   43.1999        -0.0632        43.2015        -0.0643        
43.139-0.038   43.2170        -0.0597        43.2172        -0.0592        
43.174-0.075   43.1652        -0.0699        43.1650        -0.0699        
43.186-0.549   43.1917        -0.4915        43.1921        -0.4911        
43.207-0.013   43.1493        -0.0438        43.1498        -0.0427        
43.207-0.013   43.1234        0.0356         43.1238        0.0353         
43.207-0.013   43.1947        -0.0362        43.1958        -0.0361        
43.82-0.121    43.8169        -0.1174        43.8178        -0.1177        
44.243+0.084   44.2434        0.0646         44.2436        0.0648         
44.287-0.091   44.2942        -0.0915        44.2940        -0.0909        
44.292-0.817   44.2614        -0.8120        44.2613        -0.8119        
44.292-0.817   44.3463        -0.7656        44.3464        -0.7658        
44.341+0.115   44.3381        0.1131         44.3393        0.1152         
44.341+0.115   44.3592        0.0936         44.3573        0.0938         
44.347+0.095   44.3449        0.0974         44.3467        0.0977         
44.51-0.827    44.4984        -0.8444        44.4982        -0.8470        
45.169-0.428   45.1448        -0.4515        45.1447        -0.4507        
45.169-0.428   45.1426        -0.4052        45.1428        -0.4046        
45.19-0.41     45.1606        -0.4098        45.1601        -0.4093        
45.386+0.082   45.3782        0.0833         45.3793        0.0838         
45.42-0.686    45.3588        -0.5891        45.3590        -0.5890        
45.44-0.106    45.4400        -0.1062        45.4408        -0.1065        
45.494+0.114   45.4264        0.0677         45.4259        0.0671         
45.531+0.042   45.5170        0.0311         45.5125        0.0306         
45.761-0.254   45.7618        -0.2540        45.7610        -0.2537        
45.787-0.335   45.7409        -0.3307        45.7412        -0.3308        
45.787-0.335   45.8225        -0.3043        45.8217        -0.3052        
45.791-0.275   45.7693        -0.3126        45.7685        -0.3127        
45.791-0.275   45.7914        -0.2725        45.7919        -0.2723        
45.8-0.302     45.7943        -0.3250        45.7938        -0.3271        
45.843-0.333   45.8684        -0.3316        45.8685        -0.3319        
46.252-0.262   46.2417        -0.2608        46.2430        -0.2607        
47.158+0.355   47.1409        0.3245         47.1407        0.3241         
47.693-0.408   47.6888        -0.3966        47.6893        -0.3972        
47.733-0.38    47.7329        -0.3800        47.7352        -0.3802        
48.582-0.001   48.6123        -0.0181        48.6126        -0.0175        
48.586-0.514   48.5864        -0.5149        48.5876        -0.5146        
48.602+0.294   48.5810        0.2340         48.5795        0.2348         
48.602+0.294   48.5922        0.2844         48.5919        0.2846         
48.602+0.294   48.5978        0.2953         48.5976        0.2958         
48.602+0.294   48.6294        0.2742         48.6297        0.2750         
48.602+0.294   48.6192        0.2874         48.6198        0.2882         
48.602+0.294   48.6168        0.3266         48.6168        0.3277         
48.602+0.294   48.5956        0.3630         48.5955        0.3630         
48.602+0.294   48.6601        0.2904         48.6598        0.2912         
48.602+0.294   48.6404        0.3493         48.6407        0.3502         
48.602+0.294   48.6472        0.3616         48.6477        0.3613         
48.602+0.294   48.6531        0.3777         48.6529        0.3786         
48.602+0.294   48.6442        0.4010         48.6440        0.4012         
48.604-0.325   48.6085        -0.3220        48.6081        -0.3221        
48.627-0.699   48.6072        -0.6879        48.6082        -0.6870        
48.629+0.214   48.6167        0.2153         48.6140        0.2170         
48.631-0.459   48.6064        -0.4919        48.6075        -0.4922        
48.641-0.757   48.6218        -0.7277        48.6210        -0.7278        
48.641-0.757   48.6515        -0.7557        48.6517        -0.7558        
48.678+0.326   48.6747        0.3060         48.6750        0.3073         
48.684-0.23    48.6804        -0.2451        48.6798        -0.2457        
48.685-0.215   48.6870        -0.2127        48.6867        -0.2126        
48.73-0.385    48.7095        -0.3998        48.7089        -0.4010        
48.737-0.811   48.7265        -0.8500        48.7278        -0.8519        
48.794-0.616   48.7774        -0.6360        48.7776        -0.6355        
48.842-0.159   48.8807        -0.1770        48.8796        -0.1759        
48.852-0.527   48.7350        -0.5195        48.7352        -0.5191        
48.852-0.527   48.8529        -0.5252        48.8534        -0.5244        
48.852-0.527   48.8593        -0.5080        48.8592        -0.5081        
48.852-0.527   48.8581        -0.4865        48.8597        -0.4872        
48.952-0.623   48.8960        -0.5963        48.8970        -0.5975        
48.952-0.623   48.9392        -0.5817        48.9411        -0.5785        
48.952-0.623   48.9659        -0.5833        48.9612        -0.5847        
48.954-0.143   48.9425        -0.1657        48.9428        -0.1668        
48.999-0.79    49.0067        -0.7785        49.0066        -0.7779        
49.001-0.206   48.9256        -0.1627        48.9257        -0.1611        
49.07-0.565    49.0418        -0.5441        49.0423        -0.5428        
49.084-0.036   49.0723        -0.0579        49.0719        -0.0569        
49.108-0.613   49.1585        -0.6193        49.1588        -0.6191        
49.108-0.613   49.1909        -0.6298        49.1919        -0.6297        
49.124-0.215   49.0759        -0.2485        49.0757        -0.2464        
49.124-0.215   49.1482        -0.1446        49.1479        -0.1438        
49.147-0.475   49.1265        -0.4621        49.1275        -0.4617        
49.155-0.319   49.1458        -0.3426        49.1468        -0.3427        
49.157-0.264   49.1252        -0.2515        49.1257        -0.2523        
49.181-0.2     49.1561        -0.2164        49.1572        -0.2153        
49.181-0.2     49.2806        -0.2400        49.2810        -0.2397        
49.183+0.059   49.1959        0.0437         49.1967        0.0456         
49.189-0.367   49.0291        -0.2723        49.0291        -0.2713        
49.189-0.367   49.1122        -0.3218        49.1126        -0.3217        
49.232-0.468   49.2572        -0.5139        49.2581        -0.5132        
49.325-0.412   49.3265        -0.4890        49.3268        -0.4884        
49.387-0.405   49.4214        -0.4146        49.4214        -0.4143        
49.398-0.576   49.3914        -0.6127        49.3920        -0.6123        
49.442-0.535   49.4375        -0.5490        49.4375        -0.5485        
49.442-0.535   49.4342        -0.5312        49.4337        -0.5312        
49.478-0.37    49.3608        -0.3029        49.3616        -0.3020        
49.478-0.41    49.5675        -0.2737        49.5663        -0.2733        
49.55-0.542    49.4506        -0.6090        49.4519        -0.6083        
49.582-0.351   49.5752        -0.3769        49.5760        -0.3790        
49.583-0.365   49.5711        -0.3980        49.5722        -0.3973        
49.618-0.554   49.6622        -0.5996        49.6624        -0.5998        
49.618-0.554   49.6961        -0.4764        49.6957        -0.4768        
49.648-0.202   49.5934        -0.1923        49.5935        -0.1907        
49.648-0.202   49.6661        -0.2470        49.6671        -0.2460        
49.675-0.157   49.6616        -0.1238        49.6615        -0.1247        
49.675-0.157   49.7401        -0.1752        49.7389        -0.1737        
49.677-0.463   49.6998        -0.4582        49.7004        -0.4574        
49.703-0.53    49.6932        -0.5567        49.6932        -0.5563        
49.715-0.219   49.7103        -0.2452        49.7108        -0.2449        
49.732-0.424   49.7022        -0.4174        49.7021        -0.4175        
49.732-0.424   49.7411        -0.4075        49.7417        -0.4062        
49.783-0.356   49.7606        -0.3566        49.7616        -0.3568        
49.783-0.356   49.7677        -0.3375        49.7685        -0.3350        
49.828-0.431   49.8175        -0.4560        49.8168        -0.4576        
50.057-0.632   50.0183        -0.6465        50.0205        -0.6445        
50.057-0.632   50.0575        -0.6320        50.0579        -0.6332        
50.06+0.001    50.0364        0.0120         50.0361        0.0119         
50.06+0.001    50.0752        -0.0173        50.0746        -0.0156        
50.06+0.001    50.0545        0.0230         50.0543        0.0244         
50.091-0.674   50.0869        -0.6723        50.0894        -0.6719        
50.827+0.186   50.8157        0.2002         50.8156        0.2002         
50.827+0.186   50.8134        0.2151         50.8140        0.2169         
50.856+0.017   50.8173        0.0434         50.8168        0.0436         
50.856+0.017   50.8959        -0.0704        50.8961        -0.0700        
50.856+0.017   50.8907        -0.0451        50.8912        -0.0441        
50.892+0.223   50.8465        0.2558         50.8465        0.2564         
50.892+0.223   50.8908        0.1883         50.8911        0.1891         
50.892+0.223   50.8646        0.2592         50.8650        0.2593         
50.892+0.223   50.9138        0.1783         50.9136        0.1790         
50.892+0.223   50.9299        0.1698         50.9289        0.1706         
50.892+0.223   50.8925        0.2410         50.8924        0.2415         
50.892+0.223   50.9059        0.2432         50.9079        0.2435         
51.048+0.198   50.9822        0.1365         50.9827        0.1366         
51.048+0.198   50.9379        0.2530         50.9405        0.2556         
51.048+0.198   51.0388        0.0792         51.0395        0.0796         
51.048+0.198   51.0338        0.1199         51.0334        0.1210         
51.048+0.198   51.1756        0.1473         51.1749        0.1478         
51.079+0.241   51.1145        0.2180         51.1150        0.2186         
51.738+0.678   51.7522        0.7130         51.7526        0.7127         
51.784+0.783   51.8038        0.7286         51.8051        0.7306         
51.803+0.667   51.7594        0.6684         51.7586        0.6695         
51.814+0.418   51.7742        0.3517         51.7750        0.3514         
51.814+0.418   51.8004        0.3535         51.8012        0.3516         
51.814+0.418   51.7742        0.4356         51.7747        0.4366         
51.814+0.418   51.8938        0.3607         51.8934        0.3615         
51.814+0.418   51.7636        0.6355         51.7638        0.6357         
51.823+0.499   51.8080        0.4814         51.8079        0.4775         
52.173+0.691   52.0816        0.7541         52.0817        0.7547         
52.173+0.691   52.1803        0.7748         52.1812        0.7758         
52.25-0.613    52.2487        -0.6144        52.2489        -0.6142        
52.385-0.539   52.4096        -0.5376        52.4107        -0.5364        
52.723+0.045   52.7611        0.0397         52.7610        0.0399         
53.06-0.012    53.0654        -0.0021        53.0664        -0.0014        
53.132+0.257   53.1241        0.2299         53.1243        0.2299         
53.132+0.257   53.1815        0.2295         53.1813        0.2309         
53.132+0.257   53.2143        0.1934         53.2152        0.1953         
53.132+0.257   53.1966        0.2229         53.1967        0.2235         
53.132+0.257   53.1409        0.3378         53.1412        0.3379         
53.149+0.189   53.1568        0.1982         53.1567        0.1976         
53.184+0.183   53.2137        0.2144         53.2134        0.2153         
53.257+0.043   53.2036        0.0767         53.2039        0.0751         
53.257+0.043   53.2628        0.0237         53.2633        0.0240         
53.361+0.042   53.3540        0.0551         53.3562        0.0564         
53.396+0.043   53.3910        0.0634         53.3893        0.0599         
53.579+0.005   53.6254        -0.0044        53.6259        -0.0047        
53.668-0.163   53.6466        -0.1968        53.6470        -0.1964        
53.668-0.163   53.6572        -0.2036        53.6579        -0.2039        
53.694-0.066   53.6906        -0.0817        53.6908        -0.0820        
53.694-0.066   53.7009        -0.0862        53.7008        -0.0857        
53.694-0.066   53.7307        -0.0662        53.7285        -0.0663        
53.696+0.45    53.6849        0.5094         53.6854        0.5103         
53.696+0.45    53.7429        0.4505         53.7447        0.4487         
53.784-0.138   53.7824        -0.1122        53.7828        -0.1123        
53.784-0.138   53.7963        -0.1225        53.7962        -0.1224        
53.8+0.008     53.7573        0.0194         53.7576        0.0188         
53.8+0.008     53.7722        0.0061         53.7741        0.0059         
53.8+0.008     53.7689        0.0203         53.7689        0.0210         
53.8+0.008     53.7678        0.0324         53.7683        0.0328         
53.8+0.008     53.8050        0.0053         53.8051        0.0061         
53.8+0.008     53.8386        -0.0391        53.8373        -0.0377        
53.8+0.008     53.8491        -0.0256        53.8500        -0.0251        
53.8+0.008     53.8554        -0.0090        53.8562        -0.0088        
53.8+0.008     53.8432        0.0204         53.8443        0.0212         
53.803-0.196   53.8203        -0.1730        53.8208        -0.1725        
53.811-0.043   53.9198        -0.0130        53.9202        -0.0128        
53.82-0.007    53.8135        -0.0253        53.8135        -0.0248        
53.876-0.175   53.8499        -0.2021        53.8509        -0.2025        
53.876-0.175   53.8762        -0.1708        53.8769        -0.1715        
53.989-0.085   53.9817        -0.1114        53.9823        -0.1130        
54.054-0.047   54.0560        -0.0330        54.0559        -0.0334        
54.35-0.048    54.3386        -0.0565        54.3412        -0.0585        
54.368-0.016   54.4028        -0.0698        54.4010        -0.0695        
54.509+0.943   54.4506        0.9237         54.4500        0.9242         
54.509+0.943   54.5166        0.9592         54.5168        0.9595         
54.509+0.943   54.5274        0.9888         54.5275        0.9894         
55.08+0.318    55.0916        0.3325         55.0957        0.3337         
55.14+0.137    55.1405        0.1348         55.1410        0.1343         
55.143-0.29    55.1007        -0.3368        55.1009        -0.3363        
55.143-0.29    55.1343        -0.3003        55.1340        -0.3000        
55.143-0.29    55.1425        -0.3115        55.1419        -0.3118        
