map_name       250 glon       250 glat       350 glon       350 glat       
---------------------------------------------------------------------------------------------------------------------------------------
15.054+0.086   15.0444        0.0768         15.0454        0.0764 
16.305-0.072   16.3145        -0.0744        16.3123        -0.0729
16.661-0.343   16.6643        -0.3403        16.6662        -0.3397
16.905+0.343   16.9050        0.3384         16.9061        0.3395 
16.925+0.242   16.9258        0.2423         16.9250        0.2439     
16.925+0.242   16.9255        0.2655         16.9257        0.2653 
16.941+0.458   16.9001        0.4671         16.8997        0.4682      
17.082+0.442   17.0823        0.4456         17.0836        0.4471         
17.082+0.442   17.1177        0.4985         17.1201        0.4996         
17.206+0.292   17.2095        0.2922         17.2101        0.2927         
17.211+0.782   17.2242        0.7974         17.2235        0.7979
18.145-0.416   18.1455        -0.4168        18.1456        -0.4170        
18.287-0.256   18.3136        -0.2568        18.3138        -0.2560     
18.341-0.276   18.3598        -0.2755        18.3586        -0.2753  
18.5-0.183     18.4994        -0.1808        18.4994        -0.1807   
18.571-0.435   18.5718        -0.4344        18.5717        -0.4340        
18.689-0.093   18.6874        -0.0910        18.6877        -0.0909       
18.762-0.029   18.7634        -0.0292        18.7641        -0.0287 
18.787-0.55    18.7675        -0.5440        18.7665        -0.5439        
18.886+0.068   18.8935        0.0270         18.8947        0.0275         
18.886+0.068   18.9204        0.0781         18.9211        0.0792    
18.886+0.068   18.9716        0.0472         18.9715        0.0485  
18.906-0.152   18.9068        -0.1512        18.9066        -0.1502        
18.949+0.039   18.9485        0.0410         18.9491        0.0408         
19.041-0.515   19.0216        -0.4874        19.0208        -0.4871        
19.082-0.291   19.0769        -0.2473        19.0772        -0.2468  
19.103-0.23    19.1035        -0.2317        19.1039        -0.2313        
19.137-0.056   19.1246        -0.0529        19.1246        -0.0528        
19.159-0.493   19.1393        -0.5199        19.1395        -0.5190        
20.031-0.706   20.0309        -0.7076        20.0318        -0.7068     
20.699-0.084   20.7044        -0.0840        20.7034        -0.0841   
20.985+0.136   20.9847        0.1356         20.9850        0.1356   
21.321-0.139   21.3213        -0.1389        21.3216        -0.1391   
21.977+0.232   21.9768        0.2342         21.9739        0.2319   
22.429+0.269   22.4307        0.2715         22.4317        0.2722     
22.429+0.269   22.4153        0.3174         22.4151        0.3169
22.43-0.706    22.4336        -0.7031        22.4321        -0.7033   
22.585-0.204   22.5867        -0.2035        22.5860        -0.2037  
22.698-0.21    22.6975        -0.2105        22.6979        -0.2106 
22.729+0.126   22.7277        0.1261         22.7276        0.1263        
22.795-0.457   22.7970        -0.4811        22.7971        -0.4812 
22.795-0.457   22.8307        -0.4541        22.8308        -0.4541      
22.942-0.193   22.9492        -0.1896        22.9491        -0.1896      
22.945-0.446   22.9453        -0.4445        22.9469        -0.4436  
22.991+0.725   22.9922        0.7271         22.9920        0.7267   
23.031-0.624   23.0311        -0.6239        23.0320        -0.6242     
23.066+0.049   23.0689        0.0483         23.0687        0.0485        
23.066+0.049   23.0681        0.0616         23.0681        0.0626   
23.104-0.071   23.1015        -0.0881        23.1020        -0.0871      
23.136-0.483   23.1211        -0.4509        23.1206        -0.4489        
23.14-0.326    23.1244        -0.3330        23.1253        -0.3330   
23.252+0.017   23.2255        0.0072         23.2259        0.0073         
23.252+0.017   23.2523        0.0184         23.2518        0.0188 
23.294-0.202   23.2784        -0.2150        23.2773        -0.2152  
23.294-0.202   23.3103        -0.1935        23.3101        -0.1938    
23.296+0.055   23.2957        0.0548         23.2966        0.0550
23.378+0.098   23.3790        0.0991         23.3777        0.1000  
23.382-0.022   23.3814        -0.0207        23.3819        -0.0206  
23.423-0.103   23.3192        -0.1071        23.3196        -0.1071  
23.423-0.103   23.3255        -0.1142        23.3272        -0.1140      
23.423-0.103   23.3509        -0.1562        23.3522        -0.1558    
23.423-0.103   23.3781        -0.1307        23.3786        -0.1297   
23.463-0.23    23.4534        -0.2302        23.4546        -0.2294    
23.477-0.536   23.4450        -0.5240        23.4464        -0.5238   
23.477-0.536   23.4804        -0.5441        23.4804        -0.5422  
23.477-0.536   23.4793        -0.5343        23.4796        -0.5329        
23.56+0.331    23.5604        0.3309         23.5609        0.3321  
23.646+0.245   23.6372        0.2484         23.6377        0.2483  
23.646+0.245   23.6476        0.2437         23.6474        0.2437        
23.69+0.263    23.6906        0.2640         23.6899        0.2652  
23.766+0.534   23.7913        0.5332         23.7914        0.5334      
23.864+0.018   23.8627        0.0199         23.8628        0.0201     
23.923-0.208   23.9250        -0.2081        23.9244        -0.2078    
23.98+0.149    23.9788        0.1506         23.9796        0.1507         
24.05-0.214    24.0496        -0.2140        24.0499        -0.2141  
24.097+0.349   24.0799        0.3451         24.0810        0.3446         
24.296+0.206   24.2982        0.2126         24.2980        0.2123   
24.315+0.083   24.3547        0.0423         24.3521        0.0395       
24.325-0.123   24.3193        -0.1217        24.3204        -0.1221       
24.355+0.254   24.3646        0.2896         24.3666        0.2922      
24.373-0.157   24.3657        -0.1670        24.3657        -0.1666  
24.392+0.448   24.3788        0.4557         24.3794        0.4555         
24.467+0.285   24.4563        0.2864         24.4578        0.2858     
24.475-0.518   24.4936        -0.4992        24.4943        -0.4997        
24.485-0.22    24.4583        -0.2754        24.4572        -0.2761    
24.491+0.339   24.5298        0.3225         24.5286        0.3226    
24.491+0.339   24.5268        0.3524         24.5283        0.3515       
24.566+0.343   24.5675        0.3311         24.5670        0.3332         
24.566+0.343   24.5966        0.3316         24.5959        0.3330         
24.576-0.262   24.5760        -0.2640        24.5762        -0.2648        
24.596+0.133   24.5964        0.1354         24.5971        0.1357     
24.668-0.115   24.6915        -0.1243        24.6912        -0.1240        
24.813-0.107   24.8172        -0.1285        24.8170        -0.1288        
24.855+0.683   24.8552        0.6834         24.8561        0.6834   
24.964-0.173   24.8627        -0.1184        24.8633        -0.1182        
24.964-0.173   24.9331        -0.1687        24.9336        -0.1680        
24.964-0.173   24.9636        -0.1714        24.9645        -0.1721  
24.964-0.173   24.9552        -0.0788        24.9553        -0.0792      
24.964-0.173   24.9935        -0.0993        24.9944        -0.0995      
25.046-0.183   25.0483        -0.1813        25.0472        -0.1805     
25.075+0.202   25.0753        0.2019         25.0754        0.2023      
25.076+0.182   25.0766        0.1828         25.0767        0.1826     
25.142-0.471   25.1590        -0.4619        25.1593        -0.4621     
25.166+0.753   25.1679        0.7527         25.1676        0.7544      
25.266+0.38    25.2706        0.3797         25.2705        0.3796       
25.344-0.063   25.3311        -0.1209        25.3311        -0.1205    
25.354+0.263   25.3394        0.2695         25.3393        0.2704   
25.365-0.435   25.3662        -0.4353        25.3658        -0.4355    
25.563+0.633   25.5631        0.6353         25.5639        0.6350   
25.674-0.123   25.6642        -0.1190        25.6644        -0.1189       
25.747+0.028   25.7470        0.0284         25.7472        0.0290   
25.772+0.215   25.7406        0.2416         25.7399        0.2421  
25.795+0.602   25.7973        0.6021         25.7984        0.6015      
26.147+0.035   26.1457        0.0356         26.1467        0.0346 
26.25-0.03     26.2508        -0.0306        26.2514        -0.0305    
26.291+0.134   26.2596        0.1336         26.2600        0.1342   
26.291+0.134   26.2911        0.1340         26.2910        0.1349   
26.329-0.372   26.3134        -0.3564        26.3133        -0.3565   
26.344+0.135   26.3454        0.1374         26.3449        0.1378  
26.432-0.662   26.4181        -0.6421        26.4185        -0.6414 
26.432-0.662   26.4341        -0.6617        26.4350        -0.6624     
26.432-0.662   26.4535        -0.6755        26.4541        -0.6753        
26.517-0.399   26.5180        -0.3996        26.5193        -0.3989     
26.594-0.303   26.6030        -0.3068        26.6036        -0.3070        
26.657-0.075   26.6579        -0.0753        26.6585        -0.0749   
26.736+0.213   26.7357        0.2266         26.7361        0.2271     
26.851+0.18    26.8219        0.1724         26.8216        0.1720     
26.851+0.18    26.8903        0.1682         26.8906        0.1694   
27.131-0.622   27.1250        -0.6213        27.1252        -0.6211     
27.145+0.004   27.1455        0.0045         27.1459        0.0046   
27.359-0.367   27.3603        -0.3681        27.3604        -0.3663    
27.586+0.06    27.5764        0.0317         27.5761        0.0314         
27.697-0.174   27.7001        -0.1747        27.7000        -0.1744       
27.832-0.338   27.8235        -0.3557        27.8241        -0.3543        
27.838-0.22    27.8297        -0.2325        27.8297        -0.2330   
27.864+0.074   27.8556        0.0657         27.8562        0.0665  
27.895-0.394   27.8959        -0.3932        27.8959        -0.3929   
27.978-0.43    27.9798        -0.4321        27.9793        -0.4320        
28.073+0.116   28.0749        0.1171         28.0756        0.1162   
28.087+0.067   28.0887        0.0687         28.0883        0.0693        
28.111-0.448   28.0894        -0.4631        28.0905        -0.4621    
28.111-0.448   28.1116        -0.4479        28.1102        -0.4472  
28.251-0.47    28.2500        -0.4230        28.2507        -0.4231 
28.275-0.163   28.2726        -0.1669        28.2737        -0.1658  
28.275-0.163   28.3024        -0.1668        28.3025        -0.1665  
28.275-0.163   28.3290        -0.0737        28.3287        -0.0736    
28.333+0.063   28.3552        0.0724         28.3562        0.0732    
28.394-0.113   28.3939        -0.1134        28.3933        -0.1135    
28.447-0.329   28.4457        -0.3166        28.4443        -0.3150  
28.533-0.024   28.5206        -0.0448        28.5203        -0.0452   
28.566-0.339   28.5140        -0.3741        28.5145        -0.3741   
28.566-0.339   28.5810        -0.4007        28.5813        -0.4000   
28.566-0.339   28.5657        -0.2932        28.5665        -0.2921  
28.566-0.339   28.5860        -0.3010        28.5866        -0.3006  
28.566-0.339   28.6019        -0.3106        28.6025        -0.3102 
28.612-0.393   28.5381        -0.2787        28.5382        -0.2787     
28.714+0.143   28.6619        0.1469         28.6614        0.1467         
28.734-0.304   28.7446        -0.2952        28.7449        -0.2945        
28.766-0.289   28.7690        -0.2891        28.7692        -0.2888   
28.905-0.534   28.9113        -0.5490        28.9122        -0.5487  
28.905-0.534   28.9714        -0.5068        28.9718        -0.5066  
28.967-0.492   28.9821        -0.5220        28.9797        -0.5214        
28.986+0.024   28.9866        0.0236         28.9865        0.0247   
29.026-0.623   29.0269        -0.6226        29.0272        -0.6223  
29.071-0.542   29.0861        -0.5700        29.0858        -0.5681    
29.071-0.542   29.1177        -0.5271        29.1163        -0.5295       
29.103-0.61    29.1025        -0.6100        29.1030        -0.6093       
29.119+0.026   29.1403        0.0332         29.1392        0.0335   
29.174-0.496   29.1759        -0.4967        29.1757        -0.4961    
29.284-0.629   29.3131        -0.6120        29.3133        -0.6125        
29.601-0.579   29.5972        -0.5680        29.5981        -0.5672    
29.959-0.054   29.9309        -0.0397        29.9307        -0.0396  
29.962-0.789   29.9407        -0.7887        29.9409        -0.7884   
29.962-0.789   30.0044        -0.8024        30.0041        -0.8027        
30.062+0.108   30.0118        0.0973         30.0127        0.0954        
30.143-0.069   30.1431        -0.0662        30.1427        -0.0665   
30.21-0.113    30.2070        -0.1321        30.2079        -0.1310 
30.303-0.285   30.3003        -0.2780        30.3013        -0.2801       
30.308-0.245   30.3102        -0.2468        30.3104        -0.2466   
30.314-0.137   30.3170        -0.1568        30.3165        -0.1562       
30.314-0.137   30.3155        -0.1378        30.3161        -0.1379       
30.349-0.273   30.3505        -0.2729        30.3517        -0.2716     
30.438-0.1     30.4393        -0.0994        30.4401        -0.0988     
30.492+0.958   30.4938        0.9563         30.4931        0.9564      
30.492+0.958   30.5017        0.9488         30.5020        0.9494    
30.492+0.958   30.5050        0.9605         30.5057        0.9610     
30.578-0.252   30.5828        -0.2104        30.5831        -0.2110 
30.601-0.683   30.5007        -0.5569        30.5005        -0.5569     
30.601-0.683   30.6121        -0.6851        30.6119        -0.6853  
30.601-0.683   30.6629        -0.7290        30.6626        -0.7276  
30.615+0.237   30.6130        0.2353         30.6151        0.2375      
30.62-0.351    30.6209        -0.3524        30.6209        -0.3525   
30.663-0.121   30.6534        -0.1228        30.6527        -0.1213   
30.664-0.423   30.6639        -0.4133        30.6654        -0.4157   
30.807-0.031   30.7714        -0.0864        30.7726        -0.0870   
30.895+0.134   30.8944        0.1390         30.8945        0.1390     
31.023-0.111   31.0237        -0.1114        31.0247        -0.1121        
31.039+0.241   31.0244        0.2621         31.0257        0.2639    
31.039+0.241   31.0451        0.2482         31.0454        0.2483   
31.096+0.221   31.0722        0.2440         31.0728        0.2447        
32.006-0.51    31.9822        -0.4690        31.9832        -0.4687   
32.036-0.331   32.0208        -0.3212        32.0227        -0.3203    
32.107-0.378   32.1307        -0.3720        32.1327        -0.3725    
32.147+0.142   32.0120        0.0570         32.0124        0.0581       
32.326+0.08    32.3372        0.1012         32.3375        0.1011        
32.635-0.255   32.6205        -0.2617        32.6225        -0.2610     
32.635-0.255   32.6188        -0.2389        32.6200        -0.2392   
32.925+0.007   32.9264        0.0079         32.9269        0.0083   
33.212+0.013   33.2021        0.0193         33.2022        0.0193    
33.238+0.27    33.2346        0.2733         33.2368        0.2736     
33.238+0.27    33.2570        0.2754         33.2576        0.2754  
33.325-0.191   33.3238        -0.1922        33.3233        -0.1908   
33.363-0.007   33.3662        -0.0070        33.3671        -0.0069   
33.568+0.027   33.5668        0.0278         33.5666        0.0280       
33.988-0.297   33.9773        -0.2787        33.9776        -0.2780    
34.172+0.477   34.1697        0.4766         34.1692        0.4766  
34.539+0.536   34.5164        0.5509         34.5165        0.5507 
34.707-0.841   34.7069        -0.8410        34.7076        -0.8408    
34.709-0.67    34.7049        -0.6675        34.7047        -0.6666     
34.737-0.78    34.7777        -0.8065        34.7779        -0.8071        
34.739-0.118   34.7393        -0.1186        34.7394        -0.1190    
34.93+0.338    34.9293        0.3408         34.9296        0.3399      
34.931+0.386   34.9437        0.3896         34.9456        0.3892      
35.057-0.537   35.0242        -0.5357        35.0249        -0.5359    
35.115-0.667   35.1160        -0.6666        35.1158        -0.6669     
35.121-0.007   35.1287        -0.0077        35.1282        -0.0073     
35.142-0.407   35.1414        -0.4069        35.1413        -0.4057    
35.191-0.758   35.1518        -0.7185        35.1525        -0.7180   
35.191-0.758   35.1741        -0.7543        35.1751        -0.7542    
35.25-0.803    35.2497        -0.8031        35.2485        -0.8026     
35.549+0.049   35.5395        0.0244         35.5394        0.0244     
35.58-1.005    35.5707        -1.0111        35.5709        -1.0110  
35.606-0.244   35.6080        -0.2434        35.6080        -0.2441   
35.645-0.246   35.6488        -0.2468        35.6487        -0.2469 
35.732-0.873   35.8309        -0.8891        35.8306        -0.8886        
35.745+0.147   35.7980        0.1599         35.7973        0.1595         
36.346-0.086   36.3473        -0.0843        36.3473        -0.0837    
36.671-0.131   36.6707        -0.1282        36.6710        -0.1304   
36.899-0.41    36.9154        -0.4185        36.9158        -0.4183   
37.35-0.255    37.2773        -0.2495        37.2786        -0.2495   
37.35-0.255    37.2923        -0.2392        37.2931        -0.2381  
37.35-0.255    37.3226        -0.2318        37.3226        -0.2316  
37.35-0.255    37.3202        -0.2206        37.3200        -0.2208      
37.35-0.255    37.4074        -0.2827        37.4069        -0.2831  
37.438+0.141   37.4271        0.1416         37.4273        0.1412      
37.473+0.049   37.4745        0.0491         37.4754        0.0494    
37.487-0.811   37.4619        -0.8122        37.4625        -0.8111      
37.884-0.149   37.8859        -0.1518        37.8866        -0.1509      
38.85-0.427    38.8796        -0.3905        38.8801        -0.3903     
38.854-0.501   38.8497        -0.5569        38.8492        -0.5565   
38.854-0.501   38.8671        -0.4731        38.8675        -0.4718      
38.864-0.488   38.8555        -0.5010        38.8559        -0.5009     
38.864-0.488   38.8882        -0.4578        38.8895        -0.4571      
38.939-0.365   38.9067        -0.4737        38.9073        -0.4722     
38.939-0.365   38.9163        -0.4059        38.9169        -0.4057     
38.939-0.365   38.9300        -0.4073        38.9306        -0.4075     
38.962-0.543   38.9628        -0.5443        38.9638        -0.5436        
38.977-0.618   38.9497        -0.6000        38.9493        -0.5994        
40.924-0.116   40.9261        -0.1210        40.9260        -0.1194      
41.089-0.274   41.0481        -0.2892        41.0487        -0.2889     
41.213-0.137   41.1947        -0.1216        41.1948        -0.1215        
41.25+0.347    41.2729        0.3515         41.2740        0.3532         
41.382+0.021   41.3845        0.0279         41.3836        0.0286  
42.137-0.648   42.1557        -0.6642        42.1563        -0.6653        
42.232-0.581   42.2179        -0.5997        42.2184        -0.6001   
42.232-0.581   42.2342        -0.5799        42.2349        -0.5802     
42.243-0.652   42.2230        -0.6496        42.2226        -0.6502     
42.243-0.652   42.2514        -0.6282        42.2516        -0.6281     
42.807-0.144   42.8091        -0.1442        42.8094        -0.1438   
42.807-0.144   42.8165        -0.1023        42.8166        -0.1023  
42.87-0.181    42.8712        -0.1797        42.8702        -0.1774   
43.139-0.038   43.1976        -0.0890        43.1974        -0.0889       
44.287-0.091   44.2942        -0.0915        44.2940        -0.0909   
44.292-0.817   44.3463        -0.7656        44.3464        -0.7658  
44.341+0.115   44.3381        0.1131         44.3393        0.1152   
45.169-0.428   45.1448        -0.4515        45.1447        -0.4507 
45.494+0.114   45.4264        0.0677         45.4259        0.0671  
45.531+0.042   45.5170        0.0311         45.5125        0.0306     
45.761-0.254   45.7618        -0.2540        45.7610        -0.2537  
45.791-0.275   45.7914        -0.2725        45.7919        -0.2723
46.252-0.262   46.2417        -0.2608        46.2430        -0.2607   
47.158+0.355   47.1409        0.3245         47.1407        0.3241     
47.693-0.408   47.6888        -0.3966        47.6893        -0.3972    
47.733-0.38    47.7329        -0.3800        47.7352        -0.3802    
48.586-0.514   48.5864        -0.5149        48.5876        -0.5146    
48.602+0.294   48.5922        0.2844         48.5919        0.2846         
48.602+0.294   48.6472        0.3616         48.6477        0.3613   
48.604-0.325   48.6085        -0.3220        48.6081        -0.3221  
48.629+0.214   48.6167        0.2153         48.6140        0.2170     
48.631-0.459   48.6064        -0.4919        48.6075        -0.4922     
48.685-0.215   48.6870        -0.2127        48.6867        -0.2126    
48.852-0.527   48.7350        -0.5195        48.7352        -0.5191        
48.852-0.527   48.8593        -0.5080        48.8592        -0.5081        
48.852-0.527   48.8581        -0.4865        48.8597        -0.4872      
48.952-0.623   48.9392        -0.5817        48.9411        -0.5785   
48.999-0.79    49.0067        -0.7785        49.0066        -0.7779     
49.07-0.565    49.0418        -0.5441        49.0423        -0.5428     
49.084-0.036   49.0723        -0.0579        49.0719        -0.0569       
49.181-0.2     49.1561        -0.2164        49.1572        -0.2153        
49.442-0.535   49.4342        -0.5312        49.4337        -0.5312   
49.478-0.37    49.3608        -0.3029        49.3616        -0.3020        
49.583-0.365   49.5711        -0.3980        49.5722        -0.3973       
49.618-0.554   49.6961        -0.4764        49.6957        -0.4768   
49.675-0.157   49.7401        -0.1752        49.7389        -0.1737   
49.715-0.219   49.7103        -0.2452        49.7108        -0.2449   
49.732-0.424   49.7411        -0.4075        49.7417        -0.4062    
49.783-0.356   49.7606        -0.3566        49.7616        -0.3568   
49.783-0.356   49.7677        -0.3375        49.7685        -0.3350    
50.057-0.632   50.0183        -0.6465        50.0205        -0.6445        
50.057-0.632   50.0575        -0.6320        50.0579        -0.6332     
50.06+0.001    50.0752        -0.0173        50.0746        -0.0156        
50.091-0.674   50.0869        -0.6723        50.0894        -0.6719    
50.856+0.017   50.8907        -0.0451        50.8912        -0.0441        
51.048+0.198   50.9822        0.1365         50.9827        0.1366 
51.048+0.198   51.1756        0.1473         51.1749        0.1478      
51.079+0.241   51.1145        0.2180         51.1150        0.2186   
51.738+0.678   51.7522        0.7130         51.7526        0.7127   
51.784+0.783   51.8038        0.7286         51.8051        0.7306     
51.814+0.418   51.8938        0.3607         51.8934        0.3615  
52.173+0.691   52.1803        0.7748         52.1812        0.7758   
52.25-0.613    52.2487        -0.6144        52.2489        -0.6142   
52.723+0.045   52.7611        0.0397         52.7610        0.0399    
53.132+0.257   53.1409        0.3378         53.1412        0.3379    
53.184+0.183   53.2137        0.2144         53.2134        0.2153     
53.361+0.042   53.3540        0.0551         53.3562        0.0564 
53.579+0.005   53.6254        -0.0044        53.6259        -0.0047      
53.668-0.163   53.6572        -0.2036        53.6579        -0.2039   
53.696+0.45    53.6849        0.5094         53.6854        0.5103  
53.8+0.008     53.7573        0.0194         53.7576        0.0188        
53.8+0.008     53.7689        0.0203         53.7689        0.0210    
53.8+0.008     53.8050        0.0053         53.8051        0.0061 
53.8+0.008     53.8491        -0.0256        53.8500        -0.0251 
53.8+0.008     53.8432        0.0204         53.8443        0.0212      
53.803-0.196   53.8203        -0.1730        53.8208        -0.1725   
53.82-0.007    53.8135        -0.0253        53.8135        -0.0248     
53.876-0.175   53.8499        -0.2021        53.8509        -0.2025     
53.876-0.175   53.8762        -0.1708        53.8769        -0.1715     
54.054-0.047   54.0560        -0.0330        54.0559        -0.0334        
54.35-0.048    54.3386        -0.0565        54.3412        -0.0585  
54.509+0.943   54.4506        0.9237         54.4500        0.9242 
55.14+0.137    55.1405        0.1348         55.1410        0.1343    
55.143-0.29    55.1343        -0.3003        55.1340        -0.3000   
