map_name       250 glon       250 glat       350 glon       350 glat       
---------------------------------------------------------------------------------------------------------------------------------------
15.907-0.147   15.9082        -0.1460        15.9080        -0.1449  
16.852-0.319   16.8492        -0.3169        16.8494        -0.3169    
16.925+0.242   16.9158        0.1996         16.9162        0.1994 
17.082+0.442   17.0556        0.4376         17.0559        0.4371         
17.082+0.442   17.0821        0.3955         17.0832        0.3959   
17.619-0.204   17.6228        -0.2044        17.6223        -0.2040        
18.105-0.234   18.0978        -0.2303        18.0983        -0.2311        
18.214-0.486   18.2151        -0.4868        18.2139        -0.4864 
18.261-0.309   18.2240        -0.3276        18.2252        -0.3251        
18.287-0.256   18.2349        -0.1891        18.2369        -0.1877   
18.287-0.256   18.2448        -0.1904        18.2464        -0.1894 
18.486-0.165   18.4854        -0.1651        18.4863        -0.1646  
18.849-0.086   18.8486        -0.0856        18.8460        -0.0840  
18.886+0.068   18.8860        -0.0247        18.8863        -0.0243        
18.886+0.068   18.9066        0.0800         18.9063        0.0785   
18.886+0.068   18.8987        0.1366         18.8978        0.1367         
18.893+1.005   18.9369        0.9759         18.9374        0.9765         
18.893+1.005   18.9296        1.0134         18.9313        1.0133         
18.927-0.524   18.9216        -0.4847        18.9219        -0.4844   
18.947+0.859   18.9326        0.8646         18.9354        0.8665         
18.974-0.262   18.9660        -0.2676        18.9664        -0.2673        
19.019-0.07    18.9915        -0.0573        18.9912        -0.0573        
19.159-0.493   19.1341        -0.4898        19.1342        -0.4898        
19.186-0.299   19.1870        -0.2744        19.1876        -0.2746        
19.281-0.387   19.2815        -0.3877        19.2823        -0.3875        
19.284+0.455   19.2839        0.4297         19.2849        0.4301         
20.775-0.076   20.7579        -0.1074        20.7588        -0.1077      
22.429+0.269   22.4383        0.2809         22.4383        0.2810         
22.429+0.269   22.5276        0.3519         22.5266        0.3534  
22.429+0.269   22.5726        0.3442         22.5705        0.3450    
22.53+0.274    22.5204        0.2710         22.5200        0.2712     
22.53+0.274    22.5290        0.2746         22.5295        0.2757         
22.546-0.526   22.5127        -0.5187        22.5141        -0.5188   
22.795-0.457   22.8073        -0.4507        22.8079        -0.4519        
23.066+0.049   23.0655        0.0396         23.0660        0.0399 
23.091-0.334   23.0901        -0.3336        23.0913        -0.3339    
23.091-0.334   23.0880        -0.3084        23.0888        -0.3106      
23.234-0.27    23.2351        -0.2677        23.2347        -0.2680        
23.853+0.069   23.8543        0.0716         23.8547        0.0725        
24.392+0.448   24.3968        0.4433         24.3949        0.4451      
24.392+0.448   24.4210        0.4341         24.4209        0.4342         
24.491+0.339   24.4676        0.3111         24.4671        0.3105     
24.579-0.141   24.6139        -0.1402        24.6144        -0.1400        
24.964-0.173   24.8914        -0.1298        24.8907        -0.1291        
24.964-0.173   24.9220        -0.1367        24.9216        -0.1355    
25.394-0.361   25.3581        -0.3458        25.3583        -0.3457       
25.439-0.528   25.4230        -0.4697        25.4236        -0.4682  
25.772+0.215   25.7650        0.2655         25.7652        0.2664         
25.79+0.619    25.7978        0.6148         25.7978        0.6157   
26.082+0.02    26.0869        0.0293         26.0875        0.0290     
26.291+0.134   26.3023        0.1785         26.3022        0.1784    
26.456-0.392   26.4453        -0.4049        26.4450        -0.4053        
26.532-0.103   26.5327        -0.1023        26.5330        -0.1021      
26.594-0.303   26.5937        -0.3016        26.5937        -0.3015    
27.014-0.619   27.0139        -0.6192        27.0149        -0.6184   
27.021+0.289   27.0238        0.3002         27.0253        0.3006   
27.359-0.367   27.3569        -0.3918        27.3577        -0.3920   
27.586+0.06    27.5889        0.0595         27.5895        0.0593        
27.864+0.074   27.8182        0.1256         27.8188        0.1252    
27.864+0.074   27.8734        0.0883         27.8707        0.0861    
28.047-0.459   28.0332        -0.4867        28.0326        -0.4863       
28.126-0.174   28.1280        -0.1891        28.1273        -0.1883  
28.449-0.265   28.4459        -0.2647        28.4470        -0.2642        
28.565-0.227   28.6088        -0.1878        28.6083        -0.1887    
28.566-0.339   28.5984        -0.3267        28.5980        -0.3283      
28.566-0.339   28.5839        -0.2898        28.5831        -0.2905    
28.734-0.304   28.7231        -0.2942        28.7242        -0.2954     
29.054-0.684   29.0442        -0.6751        29.0445        -0.6748        
29.601-0.579   29.6141        -0.5578        29.6143        -0.5572 
29.959-0.054   29.9012        -0.0615        29.9009        -0.0627      
29.962-0.789   29.9217        -0.7706        29.9221        -0.7704        
30.062+0.108   30.0395        0.0887         30.0400        0.0892   
30.492+0.958   30.5051        0.9775         30.5047        0.9782    
30.492+0.958   30.5319        0.9596         30.5321        0.9603         
30.615+0.237   30.6178        0.2085         30.6194        0.2106   
30.807-0.031   30.8481        -0.0819        30.8484        -0.0817     
31.039+0.241   31.0643        0.3302         31.0648        0.3305   
31.906-0.51    31.8977        -0.5226        31.8968        -0.5236    
31.906-0.51    31.9228        -0.5110        31.9223        -0.5107       
31.946+0.076   31.9356        0.0918         31.9361        0.0917      
32.006-0.51    31.9934        -0.5110        31.9937        -0.5072      
32.036-0.331   32.0347        -0.3288        32.0348        -0.3285      
33.363-0.007   33.3444        -0.0024        33.3445        -0.0023     
33.589-0.035   33.5915        -0.0363        33.5924        -0.0360   
34.131+0.075   34.1468        0.0950         34.1452        0.0941    
35.125+0.334   35.1456        0.3619         35.1456        0.3617   
35.527-0.269   35.4994        -0.3036        35.5003        -0.3037       
35.571-0.897   35.5658        -0.8918        35.5655        -0.8918  
36.59-0.059    36.5986        -0.0712        36.5987        -0.0717   
38.341-0.802   38.3416        -0.8355        38.3421        -0.8341    
38.854-0.501   38.8862        -0.4792        38.8870        -0.4786   
39.328-0.321   39.3366        -0.3009        39.3368        -0.3003        
40.429-0.018   40.4338        -0.0734        40.4338        -0.0746      
40.429-0.018   40.4050        -0.0039        40.4057        -0.0034        
41.089-0.274   41.0428        -0.3024        41.0431        -0.3018   
42.401-0.309   42.4151        -0.2712        42.4143        -0.2701        
43.139-0.038   43.1208        0.0098         43.1218        0.0088   
43.139-0.038   43.1999        -0.0632        43.2015        -0.0643    
43.139-0.038   43.2170        -0.0597        43.2172        -0.0592    
48.582-0.001   48.6123        -0.0181        48.6126        -0.0175  
48.602+0.294   48.5810        0.2340         48.5795        0.2348    
48.602+0.294   48.5978        0.2953         48.5976        0.2958   
48.602+0.294   48.6294        0.2742         48.6297        0.2750    
48.602+0.294   48.6192        0.2874         48.6198        0.2882   
48.627-0.699   48.6072        -0.6879        48.6082        -0.6870   
48.73-0.385    48.7095        -0.3998        48.7089        -0.4010      
49.108-0.613   49.1585        -0.6193        49.1588        -0.6191        
49.157-0.264   49.1252        -0.2515        49.1257        -0.2523    
49.675-0.157   49.6616        -0.1238        49.6615        -0.1247       
50.892+0.223   50.8925        0.2410         50.8924        0.2415    
51.803+0.667   51.7594        0.6684         51.7586        0.6695         
51.814+0.418   51.8004        0.3535         51.8012        0.3516   
53.06-0.012    53.0654        -0.0021        53.0664        -0.0014        
53.132+0.257   53.1241        0.2299         53.1243        0.2299      
53.694-0.066   53.7009        -0.0862        53.7008        -0.0857        
54.368-0.016   54.4028        -0.0698        54.4010        -0.0695   
54.509+0.943   54.5274        0.9888         54.5275        0.9894    
55.08+0.318    55.0916        0.3325         55.0957        0.3337     
