map name       source         band [mu]      glon           glat           ra             dec            distance ["]   
---------------------------------------------------------------------------------------------------------------------------------------
15.054+0.086   1              250            15.0444        0.0768         274.4171       -15.8278       0.00           
15.054+0.086   1              350            15.0454        0.0764         274.4180       -15.8272       3.88 
16.305-0.072   1              250            16.3145        -0.0744        275.1778       -14.7801       0.00           
16.305-0.072   1              350            16.3123        -0.0729        275.1754       -14.7814       9.59
16.661-0.343   1              250            16.6643        -0.3403        275.5905       -14.5966       0.00           
16.661-0.343   1              350            16.6662        -0.3397        275.5909       -14.5946       7.17 
16.905+0.343   2              250            16.9050        0.3384         275.0893       -14.0648       0.00           
16.905+0.343   2              350            16.9061        0.3395         275.0889       -14.0633       5.60  
16.925+0.242   2              250            16.9099        0.2187         275.2006       -14.1169       0.00           
16.925+0.242   2              350            16.9108        0.2207         275.1992       -14.1151       7.90   
16.925+0.242   3              250            16.9258        0.2423         275.1868       -14.0917       0.00           
16.925+0.242   3              350            16.9250        0.2439         275.1850       -14.0917       6.44  
16.925+0.242   4              250            16.9255        0.2655         275.1656       -14.0811       0.00           
16.925+0.242   4              350            16.9257        0.2653         275.1658       -14.0810       1.02 
16.941+0.458   2              250            16.9001        0.4671         274.9700       -14.0084       0.00           
16.941+0.458   2              350            16.8997        0.4682         274.9688       -14.0082       4.21  
17.082+0.442   4              250            17.0823        0.4456         275.0781       -13.8579       0.00           
17.082+0.442   4              350            17.0836        0.4471         275.0773       -13.8560       7.15 
17.082+0.442   5              250            17.1177        0.4985         275.0472       -13.8017       0.00           
17.082+0.442   5              350            17.1201        0.4996         275.0474       -13.7991       9.50   
17.082+0.442   6              250            17.1045        0.5316         275.0108       -13.7977       0.00           
17.082+0.442   6              350            17.1043        0.5323         275.0100       -13.7976       2.62 
17.082+0.442   7              250            17.1060        0.5473         274.9972       -13.7890       0.00           
17.082+0.442   7              350            17.1066        0.5471         274.9977       -13.7886       2.28
17.206+0.292   1              250            17.2095        0.2922         275.2791       -13.8180       0.00           
17.206+0.292   1              350            17.2101        0.2927         275.2790       -13.8172       2.81
17.211+0.782   1              250            17.2242        0.7974         274.8278       -13.5667       0.00           
17.211+0.782   1              350            17.2235        0.7979         274.8270       -13.5671       3.10
18.145-0.416   1              250            18.1455        -0.4168        276.3748       -13.3236       0.00           
18.145-0.416   1              350            18.1456        -0.4170        276.3750       -13.3236       0.80  
18.287-0.256   9              250            18.2570        -0.1667        276.2012       -13.1082       0.00           
18.287-0.256   9              350            18.2585        -0.1671        276.2023       -13.1070       5.59 
18.287-0.256   10             250            18.3136        -0.2568        276.3101       -13.1003       0.00           
18.287-0.256   10             350            18.3138        -0.2560        276.3095       -13.0997       2.97 
18.341-0.276   1              250            18.3598        -0.2755        276.3493       -13.0681       0.00           
18.341-0.276   1              350            18.3586        -0.2753        276.3485       -13.0691       4.38 
18.5-0.183     1              250            18.4994        -0.1808        276.3302       -12.9005       0.00           
18.5-0.183     1              350            18.4994        -0.1807        276.3301       -12.9004       0.36  
18.571-0.435   2              250            18.5718        -0.4344        276.5950       -12.9548       0.00           
18.571-0.435   2              350            18.5717        -0.4340        276.5946       -12.9547       1.48 
18.689-0.093   1              250            18.6874        -0.0910        276.3388       -12.6923       0.00           
18.689-0.093   1              350            18.6877        -0.0909        276.3389       -12.6920       1.14 
18.69-0.383    1              250            18.6830        -0.3741        276.5935       -12.8283       0.00           
18.69-0.383    1              350            18.6857        -0.3755        276.5960       -12.8265       10.95  
18.762-0.029   1              250            18.7634        -0.0292        276.3192       -12.5962       0.00           
18.762-0.029   1              350            18.7641        -0.0287        276.3191       -12.5954       3.10  
18.787-0.55    1              250            18.7675        -0.5440        276.7880       -12.8327       0.00           
18.787-0.55    1              350            18.7665        -0.5439        276.7875       -12.8335       3.62  
18.886+0.068   4              250            18.8935        0.0270         276.3306       -12.4549       0.00           
18.886+0.068   4              350            18.8947        0.0275         276.3307       -12.4536       4.68  
18.886+0.068   9              250            18.9204        0.0781         276.2972       -12.4073       0.00           
18.886+0.068   9              350            18.9211        0.0792         276.2965       -12.4062       4.69 
18.886+0.068   11             250            18.9510        0.0545         276.3332       -12.3913       0.00           
18.886+0.068   11             350            18.9513        0.0533         276.3344       -12.3916       4.45 
18.886+0.068   12             250            18.9716        0.0472         276.3496       -12.3764       0.00           
18.886+0.068   12             350            18.9715        0.0485         276.3484       -12.3759       4.69   
18.906-0.152   1              250            18.9068        -0.1512        276.4983       -12.5264       0.00           
18.906-0.152   1              350            18.9066        -0.1502        276.4973       -12.5261       3.67  
18.949+0.039   2              250            18.9485        0.0410         276.3442       -12.3998       0.00           
18.949+0.039   2              350            18.9491        0.0408         276.3447       -12.3993       2.28   
19.041-0.515   2              250            19.0216        -0.4874        276.8579       -12.5814       0.00           
19.041-0.515   2              350            19.0208        -0.4871        276.8573       -12.5820       3.08  
19.082-0.291   4              250            19.0769        -0.2473        276.6666       -12.4207       0.00           
19.082-0.291   4              350            19.0772        -0.2468        276.6663       -12.4202       2.10      
19.103-0.23    1              250            19.1035        -0.2317        276.6652       -12.3899       0.00           
19.103-0.23    1              350            19.1039        -0.2313        276.6650       -12.3893       2.04 
19.137-0.056   1              250            19.1246        -0.0529        276.5133       -12.2879       0.00           
19.137-0.056   1              350            19.1246        -0.0528        276.5133       -12.2878       0.36     
19.159-0.493   2              250            19.1393        -0.5199        276.9435       -12.4924       0.00           
19.159-0.493   2              350            19.1395        -0.5190        276.9427       -12.4918       3.32     
20.031-0.706   1              250            20.0309        -0.7076        277.5368       -11.7898       0.00           
20.031-0.706   1              350            20.0318        -0.7068        277.5365       -11.7886       4.33       
20.699-0.084   1              250            20.7044        -0.0840        277.2918       -10.9039       0.00           
20.699-0.084   1              350            20.7034        -0.0841        277.2914       -10.9049       3.62     
20.985+0.136   1              250            20.9847        0.1356         277.2262       -10.5537       0.00           
20.985+0.136   1              350            20.9850        0.1356         277.2264       -10.5535       1.08  
21.321-0.139   1              250            21.3213        -0.1389        277.6323       -10.3828       0.00           
21.321-0.139   1              350            21.3216        -0.1391        277.6326       -10.3826       1.30    
21.977+0.232   1              250            21.9768        0.2342         277.6048       -9.6290        0.00           
21.977+0.232   1              350            21.9739        0.2319         277.6055       -9.6327        13.32 
22.429+0.269   3              250            22.4307        0.2715         277.7843       -9.2094        0.00           
22.429+0.269   3              350            22.4317        0.2722         277.7841       -9.2082        4.39 
22.429+0.269   4              250            22.4153        0.3174         277.7359       -9.2018        0.00           
22.429+0.269   4              350            22.4151        0.3169         277.7362       -9.2022        1.94
22.43-0.706    1              250            22.4336        -0.7031        278.6621       -9.6567        0.00           
22.43-0.706    1              350            22.4321        -0.7033        278.6615       -9.6582        5.45 
22.585-0.204   1              250            22.5867        -0.2035        278.2841       -9.2906        0.00           
22.585-0.204   1              350            22.5860        -0.2037        278.2840       -9.2913        2.62   
22.698-0.21    1              250            22.6975        -0.2105        278.3422       -9.1955        0.00           
22.698-0.21    1              350            22.6979        -0.2106        278.3425       -9.1952        1.48  
22.729+0.126   2              250            22.7277        0.1261         278.0540       -9.0133        0.00           
22.729+0.126   2              350            22.7276        0.1263         278.0537       -9.0133        0.80 
22.795-0.457   1              250            22.7970        -0.4811        278.6320       -9.2319        0.00           
22.795-0.457   1              350            22.7971        -0.4812        278.6321       -9.2319        0.51  
22.795-0.457   3              250            22.8307        -0.4541        278.6234       -9.1896        0.00           
22.795-0.457   3              350            22.8308        -0.4541        278.6235       -9.1895        0.36  
22.942-0.193   1              250            22.9492        -0.1896        278.4410       -8.9625        0.00           
22.942-0.193   1              350            22.9491        -0.1896        278.4410       -8.9626        0.36  
22.945-0.446   1              250            22.9453        -0.4445        278.6682       -9.0835        0.00           
22.945-0.446   1              350            22.9469        -0.4436        278.6682       -9.0816        6.61 
22.991+0.725   1              250            22.9922        0.7271         277.6386       -8.5008        0.00           
22.991+0.725   1              350            22.9920        0.7267         277.6389       -8.5012        1.61 
23.031-0.624   1              250            23.0311        -0.6239        278.8695       -9.0899        0.00           
23.031-0.624   1              350            23.0320        -0.6242        278.8702       -9.0892        3.42  
23.066+0.049   2              250            23.0689        0.0483         278.2833       -8.7466        0.00           
23.066+0.049   2              350            23.0687        0.0485         278.2830       -8.7467        1.02  
23.066+0.049   3              250            23.0681        0.0616         278.2710       -8.7412        0.00           
23.066+0.049   3              350            23.0681        0.0626         278.2701       -8.7407        3.60     
23.104-0.071   1              250            23.1015        -0.0881        278.4209       -8.7806        0.00           
23.104-0.071   1              350            23.1020        -0.0871        278.4203       -8.7797        4.02  
23.136-0.483   1              250            23.1211        -0.4509        278.7559       -8.9304        0.00           
23.136-0.483   1              350            23.1206        -0.4489        278.7539       -8.9299        7.42    
23.14-0.326    1              250            23.1244        -0.3330        278.6516       -8.8731        0.00           
23.14-0.326    1              350            23.1253        -0.3330        278.6520       -8.8723        3.24  
23.252+0.017   1              250            23.2255        0.0072         278.3932       -8.6266        0.00           
23.252+0.017   1              350            23.2259        0.0073         278.3933       -8.6262        1.48   
23.252+0.017   3              250            23.2523        0.0184         278.3957       -8.5977        0.00           
23.252+0.017   3              350            23.2518        0.0188         278.3951       -8.5979        2.31  
23.294-0.202   1              250            23.2784        -0.2150        278.6174       -8.6821        0.00           
23.294-0.202   1              350            23.2773        -0.2152        278.6170       -8.6832        4.02    
23.294-0.202   2              250            23.3103        -0.1935        278.6129       -8.6439        0.00           
23.294-0.202   2              350            23.3101        -0.1938        278.6131       -8.6442        1.30  
23.296+0.055   1              250            23.2957        0.0548         278.3833       -8.5424        0.00           
23.296+0.055   1              350            23.2966        0.0550         278.3835       -8.5415        3.32  
23.378+0.098   1              250            23.3790        0.0991         278.3824       -8.4480        0.00           
23.378+0.098   1              350            23.3777        0.1000         278.3810       -8.4488        5.69  
23.382-0.022   1              250            23.3814        -0.0207        278.4910       -8.5011        0.00           
23.382-0.022   1              350            23.3819        -0.0206        278.4911       -8.5007        1.84 
23.423-0.103   1              250            23.3192        -0.1071        278.5395       -8.5962        0.00           
23.423-0.103   1              350            23.3196        -0.1071        278.5397       -8.5958        1.44  
23.423-0.103   2              250            23.3255        -0.1142        278.5488       -8.5938        0.00           
23.423-0.103   2              350            23.3272        -0.1140        278.5494       -8.5922        6.16  
23.423-0.103   3              250            23.3509        -0.1562        278.5984       -8.5907        0.00           
23.423-0.103   3              350            23.3522        -0.1558        278.5986       -8.5893        4.90 
23.423-0.103   4              250            23.3781        -0.1307        278.5881       -8.5548        0.00           
23.423-0.103   4              350            23.3786        -0.1297        278.5875       -8.5539        4.02  
23.463-0.23    1              250            23.4534        -0.2302        278.7125       -8.5338        0.00           
23.463-0.23    1              350            23.4546        -0.2294        278.7124       -8.5323        5.19 
23.477-0.536   1              250            23.4450        -0.5240        278.9724       -8.6764        0.00           
23.477-0.536   1              350            23.4464        -0.5238        278.9729       -8.6751        5.09  
23.477-0.536   2              250            23.4804        -0.5441        279.0070       -8.6542        0.00           
23.477-0.536   2              350            23.4804        -0.5422        279.0052       -8.6534        6.84 
23.477-0.536   3              250            23.4793        -0.5343        278.9976       -8.6507        0.00           
23.477-0.536   3              350            23.4796        -0.5329        278.9965       -8.6498        5.15 
23.56+0.331    1              250            23.5604        0.3309         278.2591       -8.1801        0.00           
23.56+0.331    1              350            23.5609        0.3321         278.2583       -8.1791        4.68  
23.646+0.245   1              250            23.6372        0.2484         278.3689       -8.1501        0.00           
23.646+0.245   1              350            23.6377        0.2483         278.3692       -8.1497        1.84  
23.646+0.245   2              250            23.6476        0.2437         278.3779       -8.1430        0.00           
23.646+0.245   2              350            23.6474        0.2437         278.3778       -8.1432        0.72
23.69+0.263    1              250            23.6906        0.2640         278.3798       -8.0955        0.00           
23.69+0.263    1              350            23.6899        0.2652         278.3784       -8.0956        5.00  
23.766+0.534   1              250            23.7913        0.5332         278.1855       -7.8819        0.00           
23.766+0.534   1              350            23.7914        0.5334         278.1854       -7.8818        0.80   
23.864+0.018   1              250            23.8627        0.0199         278.6787       -8.0553        0.00           
23.864+0.018   1              350            23.8628        0.0201         278.6785       -8.0551        0.80 
23.923-0.208   1              250            23.9250        -0.2081        278.9121       -8.1049        0.00           
23.923-0.208   1              350            23.9244        -0.2078        278.9115       -8.1053        2.41  
23.98+0.149    1              250            23.9788        0.1506         278.6155       -7.8920        0.00           
23.98+0.149    1              350            23.9796        0.1507         278.6158       -7.8913        2.90   
24.05-0.214    1              250            24.0496        -0.2140        278.9753       -7.9970        0.00           
24.05-0.214    1              350            24.0499        -0.2141        278.9755       -7.9968        1.14 
24.097+0.349   1              250            24.0799        0.3451         278.4883       -7.7127        0.00           
24.097+0.349   1              350            24.0810        0.3446         278.4893       -7.7119        4.35 
24.193-0.081   1              250            24.1956        -0.0795        278.9225       -7.8055        0.00           
24.193-0.081   1              350            24.1958        -0.0793        278.9224       -7.8052        1.02 
24.296+0.206   1              250            24.2982        0.2126         278.7085       -7.5800        0.00           
24.296+0.206   1              350            24.2980        0.2123         278.7086       -7.5803        1.30 
24.315+0.083   1              250            24.3547        0.0423         278.8872       -7.6082        0.00           
24.315+0.083   1              350            24.3521        0.0395         278.8885       -7.6118        13.76    
24.325-0.123   1              250            24.3193        -0.1217        279.0177       -7.7151        0.00           
24.325-0.123   1              350            24.3204        -0.1221        279.0186       -7.7143        4.21     
24.355+0.254   1              250            24.3646        0.2896         278.6704       -7.4856        0.00           
24.355+0.254   1              350            24.3666        0.2922         278.6690       -7.4826        11.81     
24.373-0.157   2              250            24.3657        -0.1670        279.0798       -7.6947        0.00           
24.373-0.157   2              350            24.3657        -0.1666        279.0795       -7.6945        1.44    
24.392+0.448   1              250            24.3788        0.4557         278.5283       -7.3964        0.00           
24.392+0.448   1              350            24.3794        0.4555         278.5287       -7.3960        2.28  
24.467+0.285   1              250            24.4563        0.2864         278.7158       -7.4056        0.00           
24.467+0.285   1              350            24.4578        0.2858         278.7171       -7.4046        5.82        
24.475-0.518   1              250            24.4936        -0.4992        279.4369       -7.7337        0.00           
24.475-0.518   1              350            24.4943        -0.4997        279.4377       -7.7333        3.10  
24.485-0.22    1              250            24.4583        -0.2754        279.2199       -7.6623        0.00           
24.485-0.22    1              350            24.4572        -0.2761        279.2201       -7.6636        4.69   
24.491+0.339   3              250            24.5298        0.3225         278.7176       -7.3238        0.00           
24.491+0.339   3              350            24.5286        0.3226         278.7170       -7.3248        4.33  
24.491+0.339   4              250            24.5268        0.3524         278.6895       -7.3127        0.00           
24.491+0.339   4              350            24.5283        0.3515         278.6910       -7.3118        6.30    
24.566+0.343   1              250            24.5675        0.3311         278.7274       -7.2863        0.00           
24.566+0.343   1              350            24.5670        0.3332         278.7253       -7.2858        7.77  
24.566+0.343   2              250            24.5966        0.3316         278.7405       -7.2603        0.00           
24.566+0.343   2              350            24.5959        0.3330         278.7389       -7.2603        5.63  
24.576-0.262   1              250            24.5760        -0.2640        279.2643       -7.5525        0.00           
24.576-0.262   1              350            24.5762        -0.2648        279.2651       -7.5527        2.97   
24.596+0.133   1              250            24.5964        0.1354         278.9160       -7.3508        0.00           
24.596+0.133   1              350            24.5971        0.1357         278.9161       -7.3500        2.74     
24.668-0.115   1              250            24.6915        -0.1243        279.1926       -7.3857        0.00           
24.668-0.115   1              350            24.6912        -0.1240        279.1922       -7.3859        1.53  
24.813-0.107   1              250            24.8172        -0.1285        279.2546       -7.2760        0.00           
24.813-0.107   1              350            24.8170        -0.1288        279.2548       -7.2763        1.30   
24.855+0.683   1              250            24.8552        0.6834         278.5459       -6.8687        0.00           
24.855+0.683   1              350            24.8561        0.6834         278.5463       -6.8679        3.24  
24.964-0.173   1              250            24.8627        -0.1184        279.2667       -7.2310        0.00           
24.964-0.173   1              350            24.8633        -0.1182        279.2668       -7.2303        2.28       
24.964-0.173   3              250            24.9331        -0.1687        279.3443       -7.1915        0.00           
24.964-0.173   3              350            24.9336        -0.1680        279.3439       -7.1908        3.10 
24.964-0.173   5              250            24.9636        -0.1714        279.3608       -7.1657        0.00           
24.964-0.173   5              350            24.9645        -0.1721        279.3619       -7.1652        4.10     
24.964-0.173   6              250            24.9552        -0.0788        279.2740       -7.1306        0.00           
24.964-0.173   6              350            24.9553        -0.0792        279.2744       -7.1307        1.48    
24.964-0.173   7              250            24.9935        -0.0993        279.3101       -7.1060        0.00           
24.964-0.173   7              350            24.9944        -0.0995        279.3107       -7.1053        3.32   
25.046-0.183   1              250            25.0483        -0.1813        279.4089       -7.0950        0.00           
25.046-0.183   1              350            25.0472        -0.1805        279.4077       -7.0956        4.90  
25.075+0.202   1              250            25.0753        0.2019         279.0785       -6.8949        0.00           
25.075+0.202   1              350            25.0754        0.2023         279.0782       -6.8947        1.48 
25.076+0.182   1              250            25.0766        0.1828         279.0962       -6.9026        0.00           
25.076+0.182   1              350            25.0767        0.1826         279.0964       -6.9026        0.80     
25.142-0.471   1              250            25.1590        -0.4619        279.7113       -7.1254        0.00           
25.142-0.471   1              350            25.1593        -0.4621        279.7116       -7.1252        1.30     
25.166+0.753   1              250            25.1679        0.7527         278.6290       -6.5593        0.00           
25.166+0.753   1              350            25.1676        0.7544         278.6273       -6.5588        6.21  
25.266+0.38    1              250            25.2706        0.3797         279.0099       -6.6398        0.00           
25.266+0.38    1              350            25.2705        0.3796         279.0099       -6.6399        0.51  
25.344-0.063   1              250            25.3311        -0.1209        279.4856       -6.8160        0.00           
25.344-0.063   1              350            25.3311        -0.1205        279.4852       -6.8158        1.44 
25.354+0.263   2              250            25.3394        0.2695         279.1403       -6.6293        0.00           
25.354+0.263   2              350            25.3393        0.2704         279.1394       -6.6290        3.26    
25.365-0.435   1              250            25.3662        -0.4353        279.7832       -6.9290        0.00           
25.365-0.435   1              350            25.3658        -0.4355        279.7832       -6.9295        1.61
25.563+0.633   1              250            25.5631        0.6353         278.9169       -6.2625        0.00           
25.563+0.633   1              350            25.5639        0.6350         278.9175       -6.2619        3.08  
25.674-0.123   1              250            25.6642        -0.1190        279.6378       -6.5192        0.00           
25.674-0.123   1              350            25.6644        -0.1189        279.6378       -6.5189        0.80 
25.747+0.028   1              250            25.7470        0.0284         279.5442       -6.3780        0.00           
25.747+0.028   1              350            25.7472        0.0290         279.5438       -6.3775        2.28  
25.772+0.215   1              250            25.7406        0.2416         279.3507       -6.2858        0.00           
25.772+0.215   1              350            25.7399        0.2421         279.3499       -6.2862        3.10     
25.795+0.602   1              250            25.7973        0.6021         279.0548       -6.0698        0.00           
25.795+0.602   1              350            25.7984        0.6015         279.0559       -6.0691        4.51      
25.808+0.825   1              250            25.7856        0.8207         278.8542       -5.9797        0.00           
25.808+0.825   1              350            25.7858        0.8214         278.8537       -5.9792        2.62 
26.147+0.035   1              250            26.1457        0.0356         279.7218       -6.0204        0.00           
26.147+0.035   1              350            26.1467        0.0346         279.7231       -6.0200        5.09     
26.25-0.03     1              250            26.2508        -0.0306        279.8294       -5.9573        0.00           
26.25-0.03     1              350            26.2514        -0.0305        279.8295       -5.9568        2.19  
26.291+0.134   1              250            26.2596        0.1336         279.6867       -5.8742        0.00           
26.291+0.134   1              350            26.2600        0.1342         279.6864       -5.8736        2.60   
26.291+0.134   2              250            26.2911        0.1340         279.7009       -5.8461        0.00           
26.291+0.134   2              350            26.2910        0.1349         279.7000       -5.8457        3.26  
26.329-0.372   1              250            26.3134        -0.3564        280.1494       -6.0510        0.00           
26.329-0.372   1              350            26.3133        -0.3565        280.1494       -6.0511        0.51  
26.344+0.135   1              250            26.3454        0.1374         279.7229       -5.7962        0.00           
26.344+0.135   1              350            26.3449        0.1378         279.7223       -5.7965        2.31 
26.432-0.662   2              250            26.4181        -0.6421        280.4530       -6.0886        0.00           
26.432-0.662   2              350            26.4185        -0.6414        280.4526       -6.0879        2.90    
26.432-0.662   3              250            26.4341        -0.6617        280.4779       -6.0834        0.00           
26.432-0.662   3              350            26.4350        -0.6624        280.4790       -6.0829        4.10 
26.432-0.662   4              250            26.4535        -0.6755        280.4992       -6.0724        0.00           
26.432-0.662   4              350            26.4541        -0.6753        280.4993       -6.0718        2.28  
26.517-0.399   1              250            26.5180        -0.3996        280.2822       -5.8888        0.00           
26.517-0.399   1              350            26.5193        -0.3989        280.2822       -5.8874        5.32    
26.594-0.303   3              250            26.6030        -0.3068        280.2384       -5.7708        0.00           
26.594-0.303   3              350            26.6036        -0.3070        280.2388       -5.7703        2.28 
26.657-0.075   1              250            26.6579        -0.0753        280.0568       -5.6160        0.00           
26.657-0.075   1              350            26.6585        -0.0749        280.0567       -5.6153        2.60 
26.736+0.213   1              250            26.7357        0.2266         279.8230       -5.4085        0.00           
26.736+0.213   1              350            26.7361        0.2271         279.8228       -5.4079        2.31   
26.851+0.18    1              250            26.8219        0.1724         279.9111       -5.3567        0.00           
26.851+0.18    1              350            26.8216        0.1720         279.9113       -5.3572        1.80    
26.851+0.18    3              250            26.8903        0.1682         279.9463       -5.2978        0.00           
26.851+0.18    3              350            26.8906        0.1694         279.9454       -5.2970        4.45   
27.131-0.622   1              250            27.1250        -0.6213        280.7593       -5.4505        0.00           
27.131-0.622   1              350            27.1252        -0.6211        280.7592       -5.4502        1.02     
27.145+0.004   1              250            27.1455        0.0045         280.2098       -5.1460        0.00           
27.145+0.004   1              350            27.1459        0.0046         280.2099       -5.1456        1.48    
27.359-0.367   2              250            27.3603        -0.3681        280.6411       -5.1254        0.00           
27.359-0.367   2              350            27.3604        -0.3663        280.6396       -5.1245        6.49
27.458-0.153   1              250            27.4601        -0.1511        280.4932       -4.9375        0.00           
27.458-0.153   1              350            27.4630        -0.1488        280.4925       -4.9338        13.32 
27.586+0.06    1              250            27.5764        0.0317         280.3835       -4.7504        0.00           
27.586+0.06    1              350            27.5761        0.0314         280.3836       -4.7508        1.53 
27.697-0.174   1              250            27.7001        -0.1747        280.6245       -4.7348        0.00           
27.697-0.174   1              350            27.7000        -0.1744        280.6242       -4.7348        1.14         
27.832-0.338   1              250            27.8235        -0.3557        280.8426       -4.7078        0.00           
27.832-0.338   1              350            27.8241        -0.3543        280.8416       -4.7066        5.48    
27.838-0.22    1              250            27.8297        -0.2325        280.7355       -4.6460        0.00           
27.838-0.22    1              350            27.8297        -0.2330        280.7359       -4.6462        1.80      
27.864+0.074   2              250            27.8556        0.0657         280.4813       -4.4866        0.00           
27.864+0.074   2              350            27.8562        0.0665         280.4809       -4.4857        3.60       
27.895-0.394   1              250            27.8959        -0.3932        280.9093       -4.6606        0.00           
27.895-0.394   1              350            27.8959        -0.3929        280.9090       -4.6604        1.08    
27.978-0.43    2              250            27.9798        -0.4321        280.9824       -4.6037        0.00           
27.978-0.43    2              350            27.9793        -0.4320        280.9821       -4.6041        1.84    
28.073+0.116   1              250            28.0749        0.1171         280.5361       -4.2681        0.00           
28.073+0.116   1              350            28.0756        0.1162         280.5372       -4.2678        4.10  
28.087+0.067   1              250            28.0887        0.0687         280.5856       -4.2779        0.00           
28.087+0.067   1              350            28.0883        0.0693         280.5849       -4.2780        2.60  
28.111-0.448   1              250            28.0894        -0.4631        281.0603       -4.5204        0.00           
28.111-0.448   1              350            28.0905        -0.4621        281.0599       -4.5189        5.35   
28.111-0.448   2              250            28.1116        -0.4479        281.0569       -4.4937        0.00           
28.111-0.448   2              350            28.1102        -0.4472        281.0557       -4.4946        5.63      
28.251-0.47    1              250            28.2500        -0.4230        281.0981       -4.3592        0.00           
28.251-0.47    1              350            28.2507        -0.4231        281.0985       -4.3586        2.55 
28.275-0.163   1              250            28.2726        -0.1669        280.8800       -4.2221        0.00           
28.275-0.163   1              350            28.2737        -0.1658        280.8795       -4.2206        5.60  
28.275-0.163   2              250            28.3024        -0.1668        280.8936       -4.1955        0.00           
28.275-0.163   2              350            28.3025        -0.1665        280.8934       -4.1953        1.14   
28.275-0.163   4              250            28.3290        -0.0737        280.8228       -4.1293        0.00           
28.275-0.163   4              350            28.3287        -0.0736        280.8225       -4.1295        1.14    
28.333+0.063   1              250            28.3552        0.0724         280.7045       -4.0392        0.00           
28.333+0.063   1              350            28.3562        0.0732         280.7042       -4.0380        4.61   
28.394-0.113   1              250            28.3939        -0.1134        280.8879       -4.0897        0.00           
28.394-0.113   1              350            28.3933        -0.1135        280.8877       -4.0903        2.19  
28.436-0.124   1              250            28.4354        -0.1124        280.9060       -4.0524        0.00           
28.436-0.124   1              350            28.4355        -0.1118        280.9055       -4.0520        2.19 
28.447-0.329   1              250            28.4457        -0.3166        281.0928       -4.1365        0.00           
28.447-0.329   1              350            28.4443        -0.3150        281.0908       -4.1370        7.65  
28.533-0.024   1              250            28.5206        -0.0448        280.8848       -3.9457        0.00           
28.533-0.024   1              350            28.5203        -0.0452        280.8850       -3.9461        1.80  
28.565-0.227   2              250            28.5806        -0.2312        281.0785       -3.9775        0.00           
28.565-0.227   2              350            28.5823        -0.2297        281.0779       -3.9753        8.16    
28.566-0.339   1              250            28.5140        -0.3741        281.1754       -4.1020        0.00           
28.566-0.339   1              350            28.5145        -0.3741        281.1756       -4.1016        1.80    
28.566-0.339   3              250            28.5810        -0.4007        281.2298       -4.0546        0.00           
28.566-0.339   3              350            28.5813        -0.4000        281.2293       -4.0540        2.74    
28.566-0.339   5              250            28.5993        -0.4027        281.2400       -4.0392        0.00           
28.566-0.339   5              350            28.6007        -0.4022        281.2402       -4.0377        5.35 
28.566-0.339   9              250            28.5657        -0.2932        281.1269       -4.0191        0.00           
28.566-0.339   9              350            28.5665        -0.2921        281.1263       -4.0179        4.90   
28.566-0.339   12             250            28.5860        -0.3010        281.1432       -4.0046        0.00           
28.566-0.339   12             350            28.5866        -0.3006        281.1431       -4.0039        2.60   
28.566-0.339   15             250            28.6019        -0.3106        281.1590       -3.9948        0.00           
28.566-0.339   15             350            28.6025        -0.3102        281.1589       -3.9941        2.60  
28.612-0.393   1              250            28.5381        -0.2787        281.1014       -4.0370        0.00           
28.612-0.393   1              350            28.5382        -0.2787        281.1014       -4.0369        0.36   
28.714+0.143   1              250            28.6619        0.1469         280.7786       -3.7324        0.00           
28.714+0.143   1              350            28.6614        0.1467         280.7786       -3.7329        1.94         
28.734-0.304   2              250            28.7446        -0.2952        281.2106       -3.8608        0.00           
28.734-0.304   2              350            28.7449        -0.2945        281.2101       -3.8602        2.74         
28.766-0.289   1              250            28.7690        -0.2891        281.2163       -3.8363        0.00           
28.766-0.289   1              350            28.7692        -0.2888        281.2162       -3.8360        1.30  
28.905-0.534   1              250            28.9113        -0.5490        281.5132       -3.8284        0.00           
28.905-0.534   1              350            28.9122        -0.5487        281.5133       -3.8275        3.42   
28.905-0.534   2              250            28.9714        -0.5068        281.5031       -3.7557        0.00           
28.905-0.534   2              350            28.9718        -0.5066        281.5031       -3.7552        1.61 
28.967-0.492   1              250            28.9821        -0.5220        281.5215       -3.7531        0.00           
28.967-0.492   1              350            28.9797        -0.5214        281.5199       -3.7549        8.91 
28.986+0.024   1              250            28.9866        0.0236         281.0372       -3.4999        0.00           
28.986+0.024   1              350            28.9865        0.0247         281.0362       -3.4995        3.98     
29.026-0.623   1              250            29.0269        -0.6226        281.6317       -3.7591        0.00           
29.026-0.623   1              350            29.0272        -0.6223        281.6316       -3.7587        1.53  
29.071-0.542   2              250            29.0861        -0.5700        281.6119       -3.6824        0.00           
29.071-0.542   2              350            29.0858        -0.5681        281.6100       -3.6818        6.92   
29.071-0.542   4              250            29.1177        -0.5271        281.5881       -3.6347        0.00           
29.071-0.542   4              350            29.1163        -0.5295        281.5896       -3.6371        10.00   
29.103-0.61    1              250            29.1025        -0.6100        281.6550       -3.6861        0.00           
29.103-0.61    1              350            29.1030        -0.6093        281.6546       -3.6853        3.10      
29.119+0.026   1              250            29.1403        0.0332         281.0990       -3.3588        0.00           
29.119+0.026   1              350            29.1392        0.0335         281.0982       -3.3597        4.10  
29.174-0.496   1              250            29.1759        -0.4967        281.5876       -3.5691        0.00           
29.174-0.496   1              350            29.1757        -0.4961        281.5869       -3.5690        2.28  
29.284-0.629   1              250            29.3131        -0.6120        281.7531       -3.4996        0.00           
29.284-0.629   1              350            29.3133        -0.6125        281.7536       -3.4997        1.94     
29.601-0.579   1              250            29.5972        -0.5680        281.8437       -3.2267        0.00           
29.601-0.579   1              350            29.5981        -0.5672        281.8434       -3.2256        4.33    
29.959-0.054   2              250            29.9309        -0.0397        281.5254       -2.6887        0.00           
29.959-0.054   2              350            29.9307        -0.0396        281.5252       -2.6889        0.80 
29.962-0.789   2              250            29.8826        -0.7631        282.1479       -3.0617        0.00           
29.962-0.789   2              350            29.8839        -0.7645        282.1498       -3.0612        6.88  
29.962-0.789   6              250            29.9407        -0.7887        282.1973       -3.0217        0.00           
29.962-0.789   6              350            29.9409        -0.7884        282.1971       -3.0214        1.30 
29.962-0.789   8              250            30.0044        -0.8024        282.2385       -2.9713        0.00           
29.962-0.789   8              350            30.0041        -0.8027        282.2387       -2.9717        1.53   
30.062+0.108   1              250            30.0118        0.0973         281.4404       -2.5542        0.00           
30.062+0.108   1              350            30.0127        0.0954         281.4425       -2.5543        7.57  
30.143-0.069   1              250            30.1431        -0.0662        281.6460       -2.5120        0.00           
30.143-0.069   1              350            30.1427        -0.0665        281.6461       -2.5125        1.80   
30.21-0.113    1              250            30.2070        -0.1321        281.7339       -2.4852        0.00           
30.21-0.113    1              350            30.2079        -0.1310        281.7333       -2.4839        5.12  
30.303-0.285   1              250            30.3003        -0.2780        281.9064       -2.4688        0.00           
30.303-0.285   1              350            30.3013        -0.2801        281.9087       -2.4689        8.37  
30.308-0.245   1              250            30.3102        -0.2468        281.8832       -2.4457        0.00           
30.308-0.245   1              350            30.3104        -0.2466        281.8831       -2.4455        1.02 
30.314-0.137   1              250            30.3170        -0.1568        281.8061       -2.3986        0.00           
30.314-0.137   1              350            30.3165        -0.1562        281.8053       -2.3988        2.81  
30.314-0.137   2              250            30.3155        -0.1378        281.7885       -2.3913        0.00           
30.314-0.137   2              350            30.3161        -0.1379        281.7889       -2.3908        2.19     
30.349-0.273   1              250            30.3505        -0.2729        281.9248       -2.4218        0.00           
30.349-0.273   1              350            30.3517        -0.2716        281.9242       -2.4201        6.37   
30.438-0.1     1              250            30.4393        -0.0994        281.8108       -2.2636        0.00           
30.438-0.1     1              350            30.4401        -0.0988        281.8107       -2.2626        3.60 
30.492+0.958   2              250            30.4938        0.9563         280.8959       -1.7332        0.00           
30.492+0.958   2              350            30.4931        0.9564         280.8955       -1.7337        2.55   
30.492+0.958   3              250            30.5017        0.9488         280.9062       -1.7296        0.00           
30.492+0.958   3              350            30.5020        0.9494         280.9058       -1.7290        2.41  
30.492+0.958   4              250            30.5050        0.9605         280.8973       -1.7213        0.00           
30.492+0.958   4              350            30.5057        0.9610         280.8971       -1.7204        3.10  
30.578-0.252   1              250            30.5828        -0.2104        281.9752       -2.1866        0.00           
30.578-0.252   1              350            30.5831        -0.2110        281.9759       -2.1866        2.41 
30.601-0.683   1              250            30.5007        -0.5569        282.2463       -2.4177        0.00           
30.601-0.683   1              350            30.5005        -0.5569        282.2462       -2.4178        0.72   
30.601-0.683   2              250            30.6121        -0.6851        282.4114       -2.3770        0.00           
30.601-0.683   2              350            30.6119        -0.6853        282.4115       -2.3772        1.02  
30.601-0.683   3              250            30.6629        -0.7290        282.4736       -2.3518        0.00           
30.601-0.683   3              350            30.6626        -0.7276        282.4723       -2.3514        5.15   
30.615+0.237   2              250            30.6130        0.2353         281.5921       -1.9563        0.00           
30.615+0.237   2              350            30.6151        0.2375         281.5911       -1.9534        10.95   
30.62-0.351    1              250            30.6209        -0.3524        282.1190       -2.2174        0.00           
30.62-0.351    1              350            30.6209        -0.3525        282.1191       -2.2175        0.36 
30.663-0.121   1              250            30.6534        -0.1228        281.9294       -2.0838        0.00           
30.663-0.121   1              350            30.6527        -0.1213        281.9278       -2.0837        5.96   
30.664-0.423   1              250            30.6639        -0.4133        282.1929       -2.2069        0.00           
30.664-0.423   1              350            30.6654        -0.4157        282.1957       -2.2067        10.19   
30.807-0.031   2              250            30.7714        -0.0864        281.9509       -1.9622        0.00           
30.807-0.031   2              350            30.7726        -0.0870        281.9520       -1.9614        4.83  
30.895+0.134   1              250            30.8944        0.1390         281.8063       -1.7499        0.00           
30.895+0.134   1              350            30.8945        0.1390         281.8064       -1.7498        0.36 
31.023-0.111   1              250            31.0237        -0.1114        282.0883       -1.7490        0.00           
31.023-0.111   1              350            31.0247        -0.1121        282.0894       -1.7485        4.39  
31.039+0.241   1              250            31.0244        0.2621         281.7561       -1.5780        0.00           
31.039+0.241   1              350            31.0257        0.2639         281.7551       -1.5761        7.99 
31.039+0.241   2              250            31.0451        0.2482         281.7779       -1.5660        0.00           
31.039+0.241   2              350            31.0454        0.2483         281.7780       -1.5656        1.14  
31.096+0.221   1              250            31.0722        0.2440         281.7940       -1.5438        0.00           
31.096+0.221   1              350            31.0728        0.2447         281.7937       -1.5429        3.32   
32.006-0.51    2              250            31.9822        -0.4690        282.8438       -1.0591        0.00           
32.006-0.51    2              350            31.9832        -0.4687        282.8440       -1.0581        3.76   
32.036-0.331   1              250            32.0208        -0.3212        282.7299       -0.9573        0.00           
32.036-0.331   1              350            32.0227        -0.3203        282.7300       -0.9552        7.57  
32.107-0.378   1              250            32.1307        -0.3720        282.8252       -0.8827        0.00           
32.107-0.378   1              350            32.1327        -0.3725        282.8266       -0.8812        7.42  
32.147+0.142   1              250            32.0120        0.0570         282.3892       -0.7927        0.00           
32.147+0.142   1              350            32.0124        0.0581         282.3884       -0.7919        4.21    
32.635-0.255   1              250            32.6205        -0.2617        282.9504       -0.3965        0.00           
32.635-0.255   1              350            32.6225        -0.2610        282.9507       -0.3944        7.63     
32.635-0.255   2              250            32.6188        -0.2389        282.9293       -0.3876        0.00           
32.635-0.255   2              350            32.6200        -0.2392        282.9301       -0.3867        4.45  
32.925+0.007   1              250            32.9264        0.0079         282.8499       -0.0013        0.00           
32.925+0.007   1              350            32.9269        0.0083         282.8498       -0.0007        2.31  
33.212+0.013   1              250            33.2021        0.0193         282.9655       0.2493         0.00           
33.212+0.013   1              350            33.2022        0.0193         282.9655       0.2493         0.36 
33.238+0.27    1              250            33.2346        0.2733         282.7543       0.3940         0.00           
33.238+0.27    1              350            33.2368        0.2736         282.7550       0.3961         7.99 
33.238+0.27    2              250            33.2570        0.2754         282.7626       0.4149         0.00           
33.238+0.27    2              350            33.2576        0.2754         282.7629       0.4154         2.16 
33.325-0.191   1              250            33.3238        -0.1922        283.2092       0.2611         0.00           
33.325-0.191   1              350            33.3233        -0.1908        283.2078       0.2613         5.35  
33.363-0.007   2              250            33.3662        -0.0070        283.0637       0.3833         0.00           
33.363-0.007   2              350            33.3671        -0.0069        283.0641       0.3842         3.26 
33.568+0.027   1              250            33.5668        0.0278         283.1242       0.5777         0.00           
33.568+0.027   1              350            33.5666        0.0280         283.1240       0.5776         1.02 
33.988-0.297   1              250            33.9773        -0.2787        283.5842       0.8033         0.00           
33.988-0.297   1              350            33.9776        -0.2780        283.5838       0.8038         2.74 
34.172+0.477   1              250            34.1697        0.4766         282.9997       1.3189         0.00           
34.172+0.477   1              350            34.1692        0.4766         282.9995       1.3185         1.80 
34.539+0.536   1              250            34.5164        0.5509         283.0917       1.6613         0.00           
34.539+0.536   1              350            34.5165        0.5507         283.0919       1.6613         0.80    
34.707-0.841   1              250            34.7069        -0.8410        284.4176       1.1959         0.00           
34.707-0.841   1              350            34.7076        -0.8408        284.4177       1.1966         2.62  
34.709-0.67    1              250            34.7049        -0.6675        284.2623       1.2733         0.00           
34.709-0.67    1              350            34.7047        -0.6666        284.2614       1.2735         3.32   
34.737-0.78    1              250            34.7777        -0.8065        284.4192       1.2746         0.00           
34.737-0.78    1              350            34.7779        -0.8071        284.4198       1.2745         2.28 
34.739-0.118   1              250            34.7393        -0.1186        283.7894       1.5544         0.00           
34.739-0.118   1              350            34.7394        -0.1190        283.7898       1.5543         1.48 
34.93+0.338    1              250            34.9293        0.3408         283.4671       1.9330         0.00           
34.93+0.338    1              350            34.9296        0.3399         283.4680       1.9329         3.42    
34.931+0.386   1              250            34.9437        0.3896         283.4302       1.9681         0.00           
34.931+0.386   1              350            34.9456        0.3892         283.4314       1.9696         6.99 
35.057-0.537   1              250            35.0242        -0.5357        284.2907       1.6176         0.00           
35.057-0.537   1              350            35.0249        -0.5359        284.2912       1.6181         2.62  
35.115-0.667   1              250            35.1160        -0.6666        284.4492       1.6395         0.00           
35.115-0.667   1              350            35.1158        -0.6669        284.4494       1.6392         1.30 
35.121-0.007   1              250            35.1287        -0.0077        283.8684       1.9515         0.00           
35.121-0.007   1              350            35.1282        -0.0073        283.8678       1.9512         2.31 
35.142-0.407   1              250            35.1414        -0.4069        284.2296       1.7806         0.00           
35.142-0.407   1              350            35.1413        -0.4057        284.2285       1.7811         4.33  
35.191-0.758   2              250            35.1518        -0.7185        284.5117       1.6476         0.00           
35.191-0.758   2              350            35.1525        -0.7180        284.5116       1.6485         3.10    
35.191-0.758   3              250            35.1741        -0.7543        284.5538       1.6511         0.00           
35.191-0.758   3              350            35.1751        -0.7542        284.5541       1.6521         3.62  
35.25-0.803    1              250            35.2497        -0.8031        284.6317       1.6961         0.00           
35.25-0.803    1              350            35.2485        -0.8026        284.6307       1.6952         4.68
35.549+0.049   1              250            35.5395        0.0244         284.0274       2.3317         0.00           
35.549+0.049   1              350            35.5394        0.0244         284.0274       2.3316         0.36 
35.58-1.005    1              250            35.5707        -1.0111        284.9635       1.8866         0.00           
35.58-1.005    1              350            35.5709        -1.0110        284.9635       1.8868         0.80 
35.606-0.244   1              250            35.6080        -0.2434        284.2972       2.2704         0.00           
35.606-0.244   1              350            35.6080        -0.2441        284.2978       2.2701         2.52
35.645-0.246   1              250            35.6488        -0.2468        284.3188       2.3051         0.00           
35.645-0.246   1              350            35.6487        -0.2469        284.3189       2.3050         0.51  
35.732-0.873   4              250            35.8309        -0.8891        284.9739       2.1738         0.00           
35.732-0.873   4              350            35.8306        -0.8886        284.9733       2.1737         2.10  
35.745+0.147   3              250            35.7980        0.1599         284.0248       2.6235         0.00           
35.745+0.147   3              350            35.7973        0.1595         284.0248       2.6227         2.90   
36.346-0.086   2              250            36.3473        -0.0843        284.4934       3.0008         0.00           
36.346-0.086   2              350            36.3473        -0.0837        284.4929       3.0010         2.16 
36.671-0.131   1              250            36.6707        -0.1282        284.6804       3.2684         0.00           
36.671-0.131   1              350            36.6710        -0.1304        284.6825       3.2677         7.99    
36.899-0.41    1              250            36.9154        -0.4185        285.0511       3.3534         0.00           
36.899-0.41    1              350            36.9158        -0.4183        285.0511       3.3538         1.61  
37.35-0.255    1              250            37.2773        -0.2495        285.0663       3.7525         0.00           
37.35-0.255    1              350            37.2786        -0.2495        285.0669       3.7537         4.68 
37.35-0.255    2              250            37.2923        -0.2392        285.0640       3.7706         0.00           
37.35-0.255    2              350            37.2931        -0.2381        285.0634       3.7718         4.90  
37.35-0.255    3              250            37.3226        -0.2318        285.0713       3.8009         0.00           
37.35-0.255    3              350            37.3226        -0.2316        285.0711       3.8010         0.72  
37.35-0.255    4              250            37.3202        -0.2206        285.0602       3.8039         0.00           
37.35-0.255    4              350            37.3200        -0.2208        285.0603       3.8036         1.02    
37.35-0.255    6              250            37.4074        -0.2827        285.1555       3.8530         0.00           
37.35-0.255    6              350            37.4069        -0.2831        285.1557       3.8524         2.31 
37.438+0.141   1              250            37.4271        0.1416         284.7863       4.0645         0.00           
37.438+0.141   1              350            37.4273        0.1412         284.7867       4.0645         1.61
37.473+0.049   1              250            37.4745        0.0491         284.8905       4.0644         0.00           
37.473+0.049   1              350            37.4754        0.0494         284.8906       4.0653         3.42   
37.487-0.811   1              250            37.4619        -0.8122        285.6523       3.6592         0.00           
37.487-0.811   1              350            37.4625        -0.8111        285.6516       3.6602         4.51    
37.884-0.149   1              250            37.8859        -0.1518        285.2583       4.3384         0.00           
37.884-0.149   1              350            37.8866        -0.1509        285.2578       4.3394         4.10  
38.85-0.427    1              250            38.8796        -0.3905        285.9278       5.1125         0.00           
38.85-0.427    1              350            38.8801        -0.3903        285.9278       5.1130         1.94  
38.854-0.501   1              250            38.8497        -0.5569        286.0625       5.0096         0.00           
38.854-0.501   1              350            38.8492        -0.5565        286.0619       5.0093         2.31     
38.854-0.501   2              250            38.8671        -0.4731        285.9957       5.0635         0.00           
38.854-0.501   2              350            38.8675        -0.4718        285.9948       5.0644         4.90 
38.864-0.488   1              250            38.8555        -0.5010        286.0153       5.0404         0.00           
38.864-0.488   1              350            38.8559        -0.5009        286.0154       5.0408         1.48 
38.864-0.488   2              250            38.8882        -0.4578        285.9918       5.0892         0.00           
38.864-0.488   2              350            38.8895        -0.4571        285.9918       5.0907         5.32  
38.939-0.365   1              250            38.9067        -0.4737        286.0145       5.0984         0.00           
38.939-0.365   1              350            38.9073        -0.4722        286.0134       5.0996         5.82      
38.939-0.365   2              250            38.9163        -0.4059        285.9584       5.1380         0.00           
38.939-0.365   2              350            38.9169        -0.4057        285.9585       5.1386         2.28     
38.939-0.365   3              250            38.9300        -0.4073        285.9660       5.1495         0.00           
38.939-0.365   3              350            38.9306        -0.4075        285.9664       5.1500         2.28      
38.962-0.543   1              250            38.9628        -0.5443        286.1033       5.1159         0.00           
38.962-0.543   1              350            38.9638        -0.5436        286.1032       5.1171         4.39  
38.977-0.618   1              250            38.9497        -0.6000        286.1470       5.0787         0.00           
38.977-0.618   1              350            38.9493        -0.5994        286.1463       5.0786         2.60  
40.924-0.116   1              250            40.9261        -0.1210        286.6318       7.0543         0.00           
40.924-0.116   1              350            40.9260        -0.1194        286.6303       7.0549         5.77   
41.089-0.274   2              250            41.0481        -0.2892        286.8389       7.0852         0.00           
41.089-0.274   2              350            41.0487        -0.2889        286.8389       7.0859         2.41   
41.213-0.137   1              250            41.1947        -0.1216        286.7568       7.2925         0.00           
41.213-0.137   1              350            41.1948        -0.1215        286.7568       7.2927         0.51  
41.25+0.347    1              250            41.2729        0.3515         286.3693       7.5794         0.00           
41.25+0.347    1              350            41.2740        0.3532         286.3683       7.5812         7.29  
41.382+0.021   2              250            41.3845        0.0279         286.7110       7.5298         0.00           
41.382+0.021   2              350            41.3836        0.0286         286.7100       7.5293         4.10 
42.137-0.648   2              250            42.1557        -0.6642        287.6895       7.8952         0.00           
42.137-0.648   2              350            42.1563        -0.6653        287.6908       7.8952         4.51   
42.232-0.581   1              250            42.2179        -0.5997        287.6608       7.9802         0.00           
42.232-0.581   1              350            42.2184        -0.6001        287.6614       7.9804         2.31  
42.232-0.581   2              250            42.2342        -0.5799        287.6506       8.0038         0.00           
42.232-0.581   2              350            42.2349        -0.5802        287.6512       8.0042         2.74  
42.243-0.652   1              250            42.2230        -0.6496        287.7078       7.9616         0.00           
42.243-0.652   1              350            42.2226        -0.6502        287.7082       7.9610         2.60    
42.243-0.652   2              250            42.2514        -0.6282        287.7019       7.9967         0.00           
42.243-0.652   2              350            42.2516        -0.6281        287.7019       7.9969         0.80   
42.807-0.144   1              250            42.8091        -0.1442        287.5284       8.7149         0.00           
42.807-0.144   1              350            42.8094        -0.1438        287.5281       8.7153         1.80  
42.807-0.144   2              250            42.8165        -0.1023        287.4942       8.7408         0.00           
42.807-0.144   2              350            42.8166        -0.1023        287.4943       8.7409         0.36   
42.87-0.181    1              250            42.8712        -0.1797        287.5892       8.7536         0.00           
42.87-0.181    1              350            42.8702        -0.1774        287.5867       8.7537         9.03 
43.139-0.038   5              250            43.1976        -0.0890        287.6604       9.0850         0.00           
43.139-0.038   5              350            43.1974        -0.0889        287.6602       9.0848         0.80  
44.287-0.091   1              250            44.2942        -0.0915        288.1772       10.0560        0.00           
44.287-0.091   1              350            44.2940        -0.0909        288.1766       10.0561        2.28 
44.292-0.817   2              250            44.3463        -0.7656        288.8079       9.7892         0.00           
44.292-0.817   2              350            44.3464        -0.7658        288.8081       9.7892         0.80 
44.341+0.115   1              250            44.3381        0.1131         288.0137       10.1896        0.00           
44.341+0.115   1              350            44.3393        0.1152         288.0124       10.1917        8.71          
45.169-0.428   1              250            45.1448        -0.4515        288.9029       10.6421        0.00           
45.169-0.428   1              350            45.1447        -0.4507        288.9021       10.6424        2.90     
45.494+0.114   1              250            45.4264        0.0677         288.5681       11.1328        0.00           
45.494+0.114   1              350            45.4259        0.0671         288.5684       11.1321        2.81 
45.531+0.042   1              250            45.5170        0.0311         288.6441       11.1960        0.00           
45.531+0.042   1              350            45.5125        0.0306         288.6424       11.1918        16.30  
45.761-0.254   1              250            45.7618        -0.2540        289.0175       11.2800        0.00           
45.761-0.254   1              350            45.7610        -0.2537        289.0168       11.2795        3.08    
45.791-0.275   2              250            45.7914        -0.2725        289.0483       11.2976        0.00           
45.791-0.275   2              350            45.7919        -0.2723        289.0483       11.2982        1.94  
46.252-0.262   1              250            46.2417        -0.2608        289.2520       11.7014        0.00           
46.252-0.262   1              350            46.2430        -0.2607        289.2525       11.7026        4.69   
47.158+0.355   1              250            47.1409        0.3245         289.1514       12.7698        0.00           
47.158+0.355   1              350            47.1407        0.3241         289.1516       12.7695        1.61
47.693-0.408   1              250            47.6888        -0.3966        290.0680       12.9167        0.00           
47.693-0.408   1              350            47.6893        -0.3972        290.0687       12.9169        2.81 
47.733-0.38    1              250            47.7329        -0.3800        290.0742       12.9634        0.00           
47.733-0.38    1              350            47.7352        -0.3802        290.0754       12.9654        8.31 
48.586-0.514   1              250            48.5864        -0.5149        290.6091       13.6531        0.00           
48.586-0.514   1              350            48.5876        -0.5146        290.6094       13.6543        4.45 
48.602+0.294   2              250            48.5922        0.2844         289.8853       14.0340        0.00           
48.602+0.294   2              350            48.5919        0.2846         289.8850       14.0338        1.30  
48.602+0.294   10             250            48.6472        0.3616         289.8416       14.1188        0.00           
48.602+0.294   10             350            48.6477        0.3613         289.8421       14.1191        2.10 
48.604-0.325   1              250            48.6085        -0.3220        290.4447       13.7635        0.00           
48.604-0.325   1              350            48.6081        -0.3221        290.4445       13.7631        1.48 
48.629+0.214   1              250            48.6167        0.2153         289.9601       14.0232        0.00           
48.629+0.214   1              350            48.6140        0.2170         289.9572       14.0216        11.49 
48.631-0.459   1              250            48.6064        -0.4919        290.5979       13.6816        0.00           
48.631-0.459   1              350            48.6075        -0.4922        290.5987       13.6824        4.10  
48.685-0.215   1              250            48.6870        -0.2127        290.3834       13.8842        0.00           
48.685-0.215   1              350            48.6867        -0.2126        290.3832       13.8840        1.14 
48.852-0.527   1              250            48.7350        -0.5195        290.6854       13.7820        0.00           
48.852-0.527   1              350            48.7352        -0.5191        290.6851       13.7823        1.61    
48.852-0.527   3              250            48.8593        -0.5080        290.7353       13.8970        0.00           
48.852-0.527   3              350            48.8592        -0.5081        290.7354       13.8968        0.51 
48.852-0.527   4              250            48.8581        -0.4865        290.7152       13.9061        0.00           
48.852-0.527   4              350            48.8597        -0.4872        290.7166       13.9072        6.29 
48.952-0.623   2              250            48.9392        -0.5817        290.8411       13.9326        0.00           
48.952-0.623   2              350            48.9411        -0.5785        290.8392       13.9358        13.40    
48.999-0.79    1              250            49.0067        -0.7785        291.0527       13.8991        0.00           
48.999-0.79    1              350            49.0066        -0.7779        291.0521       13.8993        2.19 
49.07-0.565    1              250            49.0418        -0.5441        290.8569       14.0408        0.00           
49.07-0.565    1              350            49.0423        -0.5428        290.8560       14.0419        5.01    
49.084-0.036   1              250            49.0723        -0.0579        290.4296       14.2970        0.00           
49.084-0.036   1              350            49.0719        -0.0569        290.4285       14.2971        3.88   
49.181-0.2     1              250            49.1561        -0.2164        290.6146       14.2962        0.00           
49.181-0.2     1              350            49.1572        -0.2153        290.6141       14.2977        5.60 
49.442-0.535   2              250            49.4342        -0.5312        291.0366       14.3927        0.00           
49.442-0.535   2              350            49.4337        -0.5312        291.0363       14.3922        1.80 
49.478-0.37    1              250            49.3608        -0.3029        290.7930       14.4359        0.00           
49.478-0.37    1              350            49.3616        -0.3020        290.7926       14.4370        4.33     
49.583-0.365   1              250            49.5711        -0.3980        290.9823       14.5763        0.00           
49.583-0.365   1              350            49.5722        -0.3973        290.9822       14.5776        4.69      
49.618-0.554   2              250            49.6961        -0.4764        291.1148       14.6493        0.00           
49.618-0.554   2              350            49.6957        -0.4768        291.1149       14.6488        2.04    
49.675-0.157   2              250            49.7401        -0.1752        290.8619       14.8305        0.00           
49.675-0.157   2              350            49.7389        -0.1737        290.8599       14.8302        6.92 
49.715-0.219   1              250            49.7103        -0.2452        290.9111       14.7712        0.00           
49.715-0.219   1              350            49.7108        -0.2449        290.9111       14.7718        2.10 
49.732-0.424   2              250            49.7411        -0.4075        291.0740       14.7216        0.00           
49.732-0.424   2              350            49.7417        -0.4062        291.0732       14.7227        5.15  
49.783-0.356   1              250            49.7606        -0.3566        291.0372       14.7628        0.00           
49.783-0.356   1              350            49.7616        -0.3568        291.0379       14.7636        3.67  
49.783-0.356   2              250            49.7677        -0.3375        291.0233       14.7781        0.00           
49.783-0.356   2              350            49.7685        -0.3350        291.0214       14.7800        9.45    
50.057-0.632   1              250            50.0183        -0.6465        291.4276       14.8523        0.00           
50.057-0.632   1              350            50.0205        -0.6445        291.4269       14.8552        10.70   
50.057-0.632   2              250            50.0575        -0.6320        291.4336       14.8937        0.00           
50.057-0.632   2              350            50.0579        -0.6332        291.4349       14.8935        4.55   
50.06+0.001    2              250            50.0752        -0.0173        290.8817       15.2005        0.00           
50.06+0.001    2              350            50.0746        -0.0156        290.8799       15.2007        6.49   
50.091-0.674   1              250            50.0869        -0.6723        291.4848       14.9004        0.00           
50.091-0.674   1              350            50.0894        -0.6719        291.4857       14.9028        9.11  
50.856+0.017   3              250            50.8907        -0.0451        291.3080       15.9056        0.00           
50.856+0.017   3              350            50.8912        -0.0441        291.3073       15.9065        4.02   
51.048+0.198   1              250            50.9822        0.1365         291.1868       16.0723        0.00           
51.048+0.198   1              350            50.9827        0.1366         291.1869       16.0728        1.84  
51.048+0.198   5              250            51.1756        0.1473         291.2723       16.2477        0.00           
51.048+0.198   5              350            51.1749        0.1478         291.2715       16.2473        3.10 
51.079+0.241   1              250            51.1145        0.2180         291.1773       16.2274        0.00           
51.079+0.241   1              350            51.1150        0.2186         291.1770       16.2281        2.81      
51.738+0.678   1              250            51.7522        0.7130         291.0374       17.0234        0.00           
51.738+0.678   1              350            51.7526        0.7127         291.0378       17.0236        1.80  
51.784+0.783   1              250            51.8038        0.7286         291.0485       17.0763        0.00           
51.784+0.783   1              350            51.8051        0.7306         291.0473       17.0784        8.59 
51.814+0.418   4              250            51.8938        0.3607         291.4319       16.9811        0.00           
51.814+0.418   4              350            51.8934        0.3615         291.4310       16.9812        3.22 
52.173+0.691   2              250            52.1803        0.7748         291.1925       17.4297        0.00           
52.173+0.691   2              350            52.1812        0.7758         291.1921       17.4310        4.84 
52.25-0.613    1              250            52.2487        -0.6144        292.5045       16.8276        0.00           
52.25-0.613    1              350            52.2489        -0.6142        292.5045       16.8279        1.02 
52.723+0.045   1              250            52.7611        0.0397         292.1603       17.5907        0.00           
52.723+0.045   1              350            52.7610        0.0399         292.1601       17.5907        0.80   
53.132+0.257   5              250            53.1409        0.3378         292.0759       18.0668        0.00           
53.132+0.257   5              350            53.1412        0.3379         292.0760       18.0671        1.14 
53.184+0.183   1              250            53.2137        0.2144         292.2265       18.0717        0.00           
53.184+0.183   1              350            53.2134        0.2153         292.2255       18.0719        3.42   
53.361+0.042   1              250            53.3540        0.0551         292.4443       18.1186        0.00           
53.361+0.042   1              350            53.3562        0.0564         292.4442       18.1211        9.20   
53.579+0.005   1              250            53.6254        -0.0044        292.6364       18.3281        0.00           
53.579+0.005   1              350            53.6259        -0.0047        292.6370       18.3284        2.10 
53.668-0.163   2              250            53.6572        -0.2036        292.8365       18.2602        0.00           
53.668-0.163   2              350            53.6579        -0.2039        292.8371       18.2607        2.74 
53.696+0.45    1              250            53.6849        0.5094         292.1910       18.6266        0.00           
53.696+0.45    1              350            53.6854        0.5103         292.1905       18.6275        3.71 
53.8+0.008     1              250            53.7573        0.0194         292.6812       18.4552        0.00           
53.8+0.008     1              350            53.7576        0.0188         292.6819       18.4552        2.41   
53.8+0.008     3              250            53.7689        0.0203         292.6863       18.4658        0.00           
53.8+0.008     3              350            53.7689        0.0210         292.6856       18.4662        2.52     
53.8+0.008     5              250            53.8050        0.0053         292.7184       18.4903        0.00           
53.8+0.008     5              350            53.8051        0.0061         292.7177       18.4908        2.90  
53.8+0.008     7              250            53.8491        -0.0256        292.7694       18.5141        0.00           
53.8+0.008     7              350            53.8500        -0.0251        292.7694       18.5151        3.71 
53.8+0.008     9              250            53.8432        0.0204         292.7238       18.5310        0.00           
53.8+0.008     9              350            53.8443        0.0212         292.7236       18.5324        4.90  
53.803-0.196   1              250            53.8203        -0.1730        292.8910       18.4179        0.00           
53.803-0.196   1              350            53.8208        -0.1725        292.8908       18.4186        2.55      
53.82-0.007    1              250            53.8135        -0.0253        292.7510       18.4830        0.00           
53.82-0.007    1              350            53.8135        -0.0248        292.7506       18.4833        1.80  
53.876-0.175   1              250            53.8499        -0.2021        292.9329       18.4298        0.00           
53.876-0.175   1              350            53.8509        -0.2025        292.9337       18.4305        3.88   
53.876-0.175   2              250            53.8762        -0.1708        292.9173       18.4680        0.00           
53.876-0.175   2              350            53.8769        -0.1715        292.9183       18.4682        3.56 
54.054-0.047   1              250            54.0560        -0.0330        292.8813       18.6919        0.00           
54.054-0.047   1              350            54.0559        -0.0334        292.8816       18.6916        1.48   
54.35-0.048    1              250            54.3386        -0.0565        293.0469       18.9282        0.00           
54.35-0.048    1              350            54.3412        -0.0585        293.0501       18.9295        11.81      
54.509+0.943   1              250            54.4506        0.9237         292.1934       19.4972        0.00           
54.509+0.943   1              350            54.4500        0.9242         292.1926       19.4969        2.81   
55.14+0.137    1              250            55.1405        0.1348         293.2798       19.7227        0.00           
55.14+0.137    1              350            55.1410        0.1343         293.2805       19.7229        2.55     
55.143-0.29    2              250            55.1343        -0.3003        293.6807       19.5065        0.00           
55.143-0.29    2              350            55.1340        -0.3000        293.6803       19.5064        1.53         
