map name       source         band [mu]      glon           glat           ra             dec            distance ["]   
---------------------------------------------------------------------------------------------------------------------------------------
16.65-0.36     1              250            16.6398        -0.3646        275.6008       -14.6296       0.00           
16.65-0.36     1              350            16.6399        -0.3639        275.6002       -14.6292       2.55 
16.661-0.343   2              250            16.6808        -0.3430        275.6010       -14.5833       0.00           
16.661-0.343   2              350            16.6812        -0.3425        275.6007       -14.5827       2.31  
16.905+0.343   1              250            16.9141        0.3245         275.1064       -14.0633       0.00           
16.905+0.343   1              350            16.9139        0.3236         275.1071       -14.0639       3.32 
16.905+0.343   3              250            16.9056        0.3497         275.0793       -14.0589       0.00           
16.905+0.343   3              350            16.9077        0.3501         275.0800       -14.0569       7.70
16.941+0.458   1              250            16.9017        0.4543         274.9824       -14.0130       0.00           
16.941+0.458   1              350            16.9029        0.4532         274.9840       -14.0125       5.86
17.082+0.442   1              250            17.0578        0.4085         275.0999       -13.8970       0.00           
17.082+0.442   1              350            17.0579        0.4106         275.0980       -13.8959       7.57    
18.145-0.416   2              250            18.1815        -0.4710        276.4413       -13.3171       0.00           
18.145-0.416   2              350            18.1817        -0.4720        276.4423       -13.3174       3.67
18.232-0.153   1              250            18.2288        -0.1207        276.1459       -13.1116       0.00           
18.232-0.153   1              350            18.2287        -0.1199        276.1451       -13.1113       2.90 
18.287-0.256   1              250            18.2906        -0.3200        276.3565       -13.1501       0.00           
18.287-0.256   1              350            18.2905        -0.3202        276.3566       -13.1503       0.80 
18.287-0.256   4              250            18.3007        -0.3120        276.3541       -13.1374       0.00           
18.287-0.256   4              350            18.3016        -0.3115        276.3540       -13.1364       3.71  
18.287-0.256   11             250            18.2656        -0.1561        276.1957       -13.0956       0.00           
18.287-0.256   11             350            18.2656        -0.1557        276.1953       -13.0954       1.44    
18.472-0.18    1              250            18.4504        -0.2030        276.3269       -12.9542       0.00           
18.472-0.18    1              350            18.4504        -0.2026        276.3265       -12.9540       1.44  
18.571-0.435   1              250            18.5686        -0.4448        276.6029       -12.9624       0.00           
18.571-0.435   1              350            18.5680        -0.4432        276.6012       -12.9622       6.15 
18.886+0.068   1              250            18.8208        0.0106         276.3106       -12.5269       0.00           
18.886+0.068   1              350            18.8217        0.0108         276.3109       -12.5260       3.32  
18.886+0.068   2              250            18.8659        -0.0160        276.3563       -12.4994       0.00           
18.886+0.068   2              350            18.8651        -0.0143        276.3544       -12.4993       6.76   
18.886+0.068   8              250            18.8888        0.1353         276.2303       -12.4085       0.00           
18.886+0.068   8              350            18.8894        0.1362         276.2297       -12.4075       3.89  
18.907-0.09    1              250            18.9070        -0.0934        276.4461       -12.4992       0.00           
18.907-0.09    1              350            18.9059        -0.0924        276.4446       -12.4997       5.35  
18.927-0.524   2              250            18.9311        -0.5154        276.8401       -12.6746       0.00           
18.927-0.524   2              350            18.9320        -0.5157        276.8408       -12.6739       3.42  
18.949+0.039   1              250            18.9223        0.0552         276.3188       -12.4163       0.00           
18.949+0.039   1              350            18.9217        0.0551         276.3186       -12.4169       2.19   
18.972-0.404   1              250            18.9007        -0.4038        276.7244       -12.6495       0.00           
18.972-0.404   1              350            18.8999        -0.4041        276.7243       -12.6504       3.08   
19.036-0.439   1              250            19.0072        -0.4504        276.8175       -12.5770       0.00           
19.036-0.439   1              350            19.0079        -0.4505        276.8179       -12.5764       2.55 
19.07+0.536    1              250            19.0768        0.5427         275.9518       -12.0517       0.00           
19.07+0.536    1              350            19.0773        0.5433         275.9515       -12.0510       2.81   
19.082-0.291   1              250            18.8524        -0.1811        276.4994       -12.5884       0.00           
19.082-0.291   1              350            18.8531        -0.1806        276.4993       -12.5876       3.10  
19.082-0.291   2              250            18.9128        -0.2083        276.5530       -12.5477       0.00           
19.082-0.291   2              350            18.9131        -0.2079        276.5527       -12.5472       1.80 
19.113+0.456   1              250            19.0954        0.4440         276.0499       -12.0815       0.00           
19.113+0.456   1              350            19.0965        0.4447         276.0498       -12.0802       4.69 
19.113+0.456   2              250            19.1137        0.4595         276.0447       -12.0581       0.00           
19.113+0.456   2              350            19.1139        0.4601         276.0442       -12.0576       2.28   
19.159-0.493   1              250            19.1293        -0.5352        276.9526       -12.5083       0.00           
19.159-0.493   1              350            19.1293        -0.5360        276.9533       -12.5087       2.88   
19.242+0.071   1              250            19.2427        0.0691         276.4593       -12.1265       0.00           
19.242+0.071   1              350            19.2432        0.0696         276.4591       -12.1258       2.55  
19.284+0.455   2              250            19.3201        0.4442         276.1572       -11.8828       0.00           
19.284+0.455   2              350            19.3206        0.4443         276.1574       -11.8823       1.84    
19.284+0.455   3              250            19.3046        0.4854         276.1126       -11.8773       0.00           
19.284+0.455   3              350            19.3035        0.4841         276.1132       -11.8788       6.13      
19.52+0.067    1              250            19.5284        0.0475         276.6151       -11.8838       0.00           
19.52+0.067    1              350            19.5288        0.0487         276.6142       -11.8829       4.55     
19.653-0.118   1              250            19.6024        -0.0934        276.7777       -11.8840       0.00           
19.653-0.118   1              350            19.6022        -0.0932        276.7774       -11.8841       1.02 
19.653-0.118   2              250            19.6441        -0.1542        276.8525       -11.8754       0.00           
19.653-0.118   2              350            19.6450        -0.1531        276.8520       -11.8741       5.12 
19.653-0.118   3              250            19.6573        -0.1234        276.8310       -11.8494       0.00           
19.653-0.118   3              350            19.6576        -0.1231        276.8308       -11.8490       1.53  
19.834-0.749   1              250            19.8495        -0.7268        277.4683       -11.9594       0.00           
19.834-0.749   1              350            19.8505        -0.7268        277.4688       -11.9585       3.60 
19.968-0.104   1              250            19.9689        -0.1043        276.9618       -11.5647       0.00           
19.968-0.104   1              350            19.9697        -0.1043        276.9621       -11.5640       2.88  
21.412-0.531   1              250            21.4496        -0.6118        278.1190       -10.4877       0.00           
21.412-0.531   1              350            21.4500        -0.6111        278.1185       -10.4870       2.90  
21.918-0.002   1              250            21.9198        -0.0033        277.7916       -9.7895        0.00           
21.918-0.002   1              350            21.9200        -0.0025        277.7910       -9.7890        2.97
22.056+0.19    1              250            22.0278        0.1928         277.6660       -9.6030        0.00           
22.056+0.19    1              350            22.0280        0.1924         277.6664       -9.6030        1.61 
22.253+0.03    1              250            22.2420        0.0360         277.9074       -9.4857        0.00           
22.253+0.03    1              350            22.2431        0.0355         277.9084       -9.4849        4.35   
22.429+0.269   7              250            22.4525        0.3097         277.7602       -9.1724        0.00           
22.429+0.269   7              350            22.4518        0.3076         277.7618       -9.1740        7.97      
22.429+0.269   10             250            22.5160        0.3096         277.7901       -9.1162        0.00           
22.429+0.269   10             350            22.5165        0.3098         277.7901       -9.1156        1.94
22.429+0.269   11             250            22.5128        0.3262         277.7737       -9.1113        0.00           
22.429+0.269   11             350            22.5131        0.3259         277.7741       -9.1112        1.53 
22.429+0.269   12             250            22.5084        0.3437         277.7559       -9.1071        0.00           
22.429+0.269   12             350            22.5087        0.3449         277.7550       -9.1063        4.45       
22.429+0.269   13             250            22.5052        0.3550         277.7443       -9.1047        0.00           
22.429+0.269   13             350            22.5052        0.3557         277.7436       -9.1044        2.52  
22.866-0.41    1              250            22.8312        -0.4066        278.5809       -9.1673        0.00           
22.866-0.41    1              350            22.8316        -0.4070        278.5815       -9.1671        2.04 
23.078+0.569   1              250            23.0364        0.4993         277.8635       -8.5671        0.00           
23.078+0.569   1              350            23.0367        0.5015         277.8616       -8.5658        7.99    
23.234-0.27    1              250            23.2272        -0.2755        278.6478       -8.7554        0.00           
23.234-0.27    1              350            23.2273        -0.2753        278.6477       -8.7552        0.80     
23.252+0.017   2              250            23.2442        0.0061         278.4029       -8.6105        0.00           
23.252+0.017   2              350            23.2434        0.0078         278.4011       -8.6105        6.76 
23.321-0.078   1              250            23.3240        -0.0771        278.5148       -8.5781        0.00           
23.321-0.078   1              350            23.3231        -0.0777        278.5149       -8.5792        3.89  
23.588-0.009   1              250            23.5347        -0.0589        278.5967       -8.3827        0.00           
23.588-0.009   1              350            23.5352        -0.0591        278.5971       -8.3823        1.94   
23.721+0.257   1              250            23.7226        0.2599         278.3983       -8.0690        0.00           
23.721+0.257   1              350            23.7231        0.2601         278.3984       -8.0685        1.94 
23.721+0.257   2              250            23.7178        0.2732         278.3842       -8.0671        0.00           
23.721+0.257   2              350            23.7185        0.2730         278.3847       -8.0666        2.62         
23.846-0.304   1              250            23.8462        -0.3035        278.9610       -8.2188        0.00           
23.846-0.304   1              350            23.8480        -0.3041        278.9624       -8.2175        6.83  
23.856-0.169   1              250            23.8578        -0.1707        278.8473       -8.1474        0.00           
23.856-0.169   1              350            23.8590        -0.1704        278.8476       -8.1462        4.45  
23.856-0.169   2              250            23.8897        -0.1801        278.8706       -8.1234        0.00           
23.856-0.169   2              350            23.8898        -0.1804        278.8709       -8.1234        1.14    
24.044+0.087   1              250            24.0373        0.1065         278.6823       -7.8604        0.00           
24.044+0.087   1              350            24.0378        0.1066         278.6824       -7.8599        1.84    
24.044+0.087   2              250            24.0485        0.1037         278.6900       -7.8518        0.00           
24.044+0.087   2              350            24.0482        0.1050         278.6887       -7.8514        4.80 
24.097+0.349   2              250            24.0966        0.3491         278.4925       -7.6960        0.00           
24.097+0.349   2              350            24.0967        0.3494         278.4923       -7.6958        1.14 
24.153+0.394   1              250            24.1538        0.3948         278.4782       -7.6242        0.00           
24.153+0.394   1              350            24.1549        0.3954         278.4782       -7.6229        4.51   
24.392+0.448   3              250            24.3843        0.4733         278.5151       -7.3834        0.00           
24.392+0.448   3              350            24.3864        0.4741         278.5154       -7.3812        8.09  
24.427-0.527   1              250            24.4285        -0.5267        279.4314       -7.8041        0.00           
24.427-0.527   1              350            24.4292        -0.5268        279.4318       -7.8036        2.55 
24.485-0.22    3              250            24.5310        -0.2105        279.1955       -7.5679        0.00           
24.485-0.22    3              350            24.5316        -0.2099        279.1952       -7.5671        3.05    
24.485-0.22    4              250            24.5469        -0.2145        279.2064       -7.5556        0.00           
24.485-0.22    4              350            24.5468        -0.2140        279.2059       -7.5555        1.84 
24.491-0.363   1              250            24.4919        -0.3628        279.3138       -7.6726        0.00           
24.491-0.363   1              350            24.4923        -0.3625        279.3138       -7.6721        1.80   
24.528-0.136   1              250            24.5068        -0.1692        279.1473       -7.5704        0.00           
24.528-0.136   1              350            24.5068        -0.1687        279.1468       -7.5702        1.80  
24.528-0.136   2              250            24.5111        -0.1483        279.1305       -7.5570        0.00           
24.528-0.136   2              350            24.5100        -0.1477        279.1295       -7.5577        4.51     
24.555+0.214   1              250            24.5915        0.2123         278.8449       -7.3197        0.00           
24.555+0.214   1              350            24.5915        0.2123         278.8449       -7.3197        0.00   
25.205-0.466   1              250            25.1914        -0.4624        279.7267       -7.0968        0.00           
25.205-0.466   1              350            25.1916        -0.4629        279.7273       -7.0968        1.94  
25.273-0.74    1              250            25.2931        -0.7628        280.0428       -7.1441        0.00           
25.273-0.74    1              350            25.2945        -0.7634        280.0440       -7.1431        5.48   
25.344-0.063   2              250            25.3485        -0.0976        279.4728       -6.7898        0.00           
25.344-0.063   2              350            25.3500        -0.0974        279.4733       -6.7884        5.45   
25.354+0.263   1              250            25.3515        0.2325         279.1789       -6.6356        0.00           
25.354+0.263   1              350            25.3510        0.2335         279.1778       -6.6356        4.02  
25.383-0.303   1              250            25.3860        -0.3023        279.6733       -6.8504        0.00           
25.383-0.303   1              350            25.3868        -0.3017        279.6731       -6.8495        3.60   
25.41-0.452    1              250            25.4117        -0.4507        279.8180       -6.8956        0.00           
25.41-0.452    1              350            25.4120        -0.4502        279.8177       -6.8952        2.10    
25.426-0.175   1              250            25.4124        -0.1600        279.5582       -6.7617        0.00           
25.426-0.175   1              350            25.4133        -0.1594        279.5580       -6.7606        3.89  
25.426-0.175   2              250            25.4551        -0.2092        279.6219       -6.7463        0.00           
25.426-0.175   2              350            25.4551        -0.2094        279.6221       -6.7464        0.72    
25.609+0.228   1              250            25.5867        0.2459         279.2757       -6.4205        0.00           
25.609+0.228   1              350            25.5867        0.2462         279.2755       -6.4204        1.08  
25.614-0.307   1              250            25.6147        -0.3066        279.7828       -6.6492        0.00           
25.614-0.307   1              350            25.6149        -0.3061        279.7824       -6.6488        1.94  
25.726-0.256   1              250            25.7255        -0.2561        279.7887       -6.5276        0.00           
25.726-0.256   1              350            25.7260        -0.2573        279.7900       -6.5277        4.68  
25.772+0.215   3              250            25.8350        0.2714         279.3677       -6.1882        0.00           
25.772+0.215   3              350            25.8351        0.2719         279.3673       -6.1879        1.84  
25.917-0.234   1              250            25.9182        -0.2350        279.8587       -6.3466        0.00           
25.917-0.234   1              350            25.9187        -0.2341        279.8582       -6.3458        3.71  
26.432-0.662   1              250            26.4336        -0.6722        280.4871       -6.0886        0.00           
26.432-0.662   1              350            26.4330        -0.6708        280.4856       -6.0885        5.48 
26.615-0.112   1              250            26.6222        -0.1056        280.0674       -5.6616        0.00           
26.615-0.112   1              350            26.6231        -0.1051        280.0674       -5.6606        3.71 
26.615-0.112   2              250            26.6355        -0.1006        280.0691       -5.6475        0.00           
26.615-0.112   2              350            26.6345        -0.1012        280.0692       -5.6486        4.20   
26.851+0.18    2              250            26.8515        0.2232         279.8794       -5.3071        0.00           
26.851+0.18    2              350            26.8526        0.2237         279.8794       -5.3059        4.35     
26.941-0.301   1              250            26.9410        -0.3005        280.3882       -5.4674        0.00           
26.941-0.301   1              350            26.9411        -0.3006        280.3883       -5.4673        0.51  
26.996-0.04    1              250            27.0064        -0.0256        280.1727       -5.2834        0.00           
26.996-0.04    1              350            27.0058        -0.0254        280.1723       -5.2838        2.28  
27.44-0.017    1              250            27.4300        -0.0092        280.3528       -4.8993        0.00           
27.44-0.017    1              350            27.4309        -0.0099        280.3538       -4.8988        4.10    
27.458-0.153   1              250            27.4601        -0.1511        280.4932       -4.9375        0.00           
27.458-0.153   1              350            27.4630        -0.1488        280.4925       -4.9338        13.32   
27.478+0.138   1              250            27.4379        0.0847         280.2726       -4.8493        0.00           
27.478+0.138   1              350            27.4393        0.0834         280.2744       -4.8486        6.88 
27.538+0.231   1              250            27.5472        0.2753         280.1528       -4.6649        0.00           
27.538+0.231   1              350            27.5475        0.2761         280.1522       -4.6642        3.08     
27.586+0.06    2              250            27.5762        0.0463         280.3704       -4.7439        0.00           
27.586+0.06    2              350            27.5765        0.0472         280.3697       -4.7432        3.42  
27.923-0.435   1              250            27.9137        -0.4354        280.9551       -4.6640        0.00           
27.923-0.435   1              350            27.9149        -0.4347        280.9550       -4.6626        5.00 
27.923-0.435   2              250            27.9221        -0.4325        280.9563       -4.6552        0.00           
27.923-0.435   2              350            27.9222        -0.4313        280.9553       -4.6546        4.33   
27.971+0.094   2              250            27.9806        0.1201         280.4902       -4.3505        0.00           
27.971+0.094   2              350            27.9816        0.1210         280.4898       -4.3492        4.84 
27.978-0.43    1              250            27.9382        -0.3828        280.9194       -4.6182        0.00           
27.978-0.43    1              350            27.9386        -0.3813        280.9182       -4.6171        5.59 
28.2-0.402     1              250            28.1984        -0.4008        281.0547       -4.3950        0.00           
28.2-0.402     1              350            28.1977        -0.4011        281.0546       -4.3957        2.74     
28.275-0.163   3              250            28.3069        -0.1085        280.8437       -4.1649        0.00           
28.275-0.163   3              350            28.3060        -0.1091        280.8438       -4.1660        3.89   
28.277-0.352   2              250            28.3458        -0.2417        280.9803       -4.1912        0.00           
28.277-0.352   2              350            28.3455        -0.2425        280.9809       -4.1918        3.08  
28.285-0.383   1              250            28.2842        -0.3613        281.0587       -4.3006        0.00           
28.285-0.383   1              350            28.2874        -0.3629        281.0616       -4.2985        12.88   
28.565-0.227   1              250            28.5406        -0.2359        281.0643       -4.0152        0.00           
28.565-0.227   1              350            28.5415        -0.2360        281.0648       -4.0145        3.26   
28.565-0.227   3              250            28.6104        -0.2379        281.0981       -3.9540        0.00           
28.565-0.227   3              350            28.6109        -0.2366        281.0971       -3.9530        5.01 
28.565-0.227   5              250            28.6206        -0.1953        281.0648       -3.9255        0.00           
28.565-0.227   5              350            28.6213        -0.1947        281.0645       -3.9246        3.32 
28.566-0.339   2              250            28.5202        -0.3033        281.1151       -4.0642        0.00           
28.566-0.339   2              350            28.5191        -0.3003        281.1119       -4.0638        11.50      
28.566-0.339   8              250            28.5717        -0.3053        281.1405       -4.0193        0.00           
28.566-0.339   8              350            28.5725        -0.3059        281.1414       -4.0188        3.60   
28.566-0.339   16             250            28.6289        -0.3283        281.1872       -3.9789        0.00           
28.566-0.339   16             350            28.6295        -0.3280        281.1872       -3.9782        2.41 
28.575-0.002   1              250            28.5528        -0.0108        280.8692       -3.9015        0.00           
28.575-0.002   1              350            28.5530        -0.0102        280.8688       -3.9011        2.28    
28.612-0.393   2              250            28.5971        -0.3597        281.2006       -4.0215        0.00           
28.612-0.393   2              350            28.5970        -0.3591        281.2000       -4.0213        2.19    
28.677-0.278   1              250            28.6443        -0.2639        281.1368       -3.9358        0.00           
28.677-0.278   1              350            28.6451        -0.2634        281.1367       -3.9348        3.40   
28.677-0.278   2              250            28.6963        -0.2576        281.1550       -3.8866        0.00           
28.677-0.278   2              350            28.6965        -0.2588        281.1561       -3.8870        4.38   
28.677-0.278   3              250            28.7105        -0.2409        281.1466       -3.8664        0.00           
28.677-0.278   3              350            28.7088        -0.2407        281.1456       -3.8678        6.16      
28.861+0.204   1              250            28.8632        0.2035         280.8204       -3.5275        0.00           
28.861+0.204   1              350            28.8632        0.2037         280.8202       -3.5274        0.72  
28.962-0.735   1              250            28.9597        -0.6836        281.6554       -3.8467        0.00           
28.962-0.735   1              350            28.9597        -0.6829        281.6547       -3.8464        2.52   
29.071-0.542   1              250            29.0649        -0.5423        281.5775       -3.6887        0.00           
29.071-0.542   1              350            29.0688        -0.5442        281.5809       -3.6861        15.62   
29.071-0.542   3              250            29.1011        -0.5403        281.5922       -3.6555        0.00           
29.071-0.542   3              350            29.1012        -0.5402        281.5922       -3.6554        0.51  
29.411-0.645   2              250            29.4081        -0.6114        281.7960       -3.4148        0.00           
29.411-0.645   2              350            29.4087        -0.6131        281.7977       -3.4151        6.49  
29.962-0.789   4              250            29.9522        -0.8351        282.2439       -3.0326        0.00           
29.962-0.789   4              350            29.9528        -0.8344        282.2435       -3.0318        3.32 
30.449+0.426   1              250            30.4341        0.4068         281.3577       -2.0372        0.00           
30.449+0.426   1              350            30.4331        0.4075         281.3567       -2.0378        4.39 
30.492+0.958   1              250            30.4790        0.9498         280.8949       -1.7493        0.00           
30.492+0.958   1              350            30.4791        0.9500         280.8948       -1.7491        0.80     
30.494-0.39    1              250            30.4884        -0.4036        282.1042       -2.3587        0.00           
30.494-0.39    1              350            30.4886        -0.4036        282.1043       -2.3585        0.72  
30.499-0.223   1              250            30.4988        -0.2260        281.9507       -2.2684        0.00           
30.499-0.223   1              350            30.4990        -0.2245        281.9495       -2.2676        5.45   
30.762-0.782   1              250            30.7632        -0.7809        282.5656       -2.2862        0.00           
30.762-0.782   1              350            30.7635        -0.7807        282.5656       -2.2858        1.30     
30.807-0.031   1              250            30.6634        -0.1442        281.9530       -2.0846        0.00           
30.807-0.031   1              350            30.6644        -0.1424        281.9519       -2.0829        7.41  
30.807-0.031   4              250            30.8413        -0.0202        281.9238       -1.8698        0.00           
30.807-0.031   4              350            30.8420        -0.0192        281.9233       -1.8687        4.39  
30.807-0.031   5              250            30.8643        -0.0393        281.9513       -1.8580        0.00           
30.807-0.031   5              350            30.8645        -0.0392        281.9513       -1.8578        0.80  
30.942-0.802   1              250            30.9642        -0.8037        282.6776       -2.1177        0.00           
30.942-0.802   1              350            30.9649        -0.8043        282.6785       -2.1173        3.32    
31.886-0.895   1              250            31.8600        -0.8938        283.1663       -1.3615        0.00           
31.886-0.895   1              350            31.8594        -0.8943        283.1665       -1.3623        2.81  
31.887+0.144   1              250            31.8780        0.1495         282.2458       -0.8698        0.00           
31.887+0.144   1              350            31.8798        0.1497         282.2464       -0.8681        6.52   
31.887+0.144   2              250            31.8955        0.1291         282.2719       -0.8635        0.00           
31.887+0.144   2              350            31.8978        0.1310         282.2713       -0.8606        10.74  
31.906-0.51    2              250            31.8922        -0.5067        282.8364       -1.1564        0.00           
31.906-0.51    2              350            31.8936        -0.5065        282.8368       -1.1550        5.09   
31.946+0.076   1              250            31.9301        0.0560         282.3528       -0.8661        0.00           
31.946+0.076   1              350            31.9301        0.0565         282.3523       -0.8658        1.80   
31.995-0.88    1              250            32.0210        -0.8856        283.2324       -1.2145        0.00           
31.995-0.88    1              350            32.0216        -0.8856        283.2327       -1.2139        2.16 
32.006-0.51    3              250            31.9932        -0.4625        282.8431       -1.0463        0.00           
32.006-0.51    3              350            31.9932        -0.4618        282.8425       -1.0460        2.52  
32.036-0.331   3              250            32.0513        -0.3464        282.7662       -0.9417        0.00           
32.036-0.331   3              350            32.0515        -0.3459        282.7659       -0.9413        1.94   
32.036-0.331   4              250            32.0624        -0.3248        282.7521       -0.9220        0.00           
32.036-0.331   4              350            32.0635        -0.3240        282.7519       -0.9206        4.90 
32.309-0.885   1              250            32.2918        -0.9066        283.3745       -0.9830        0.00           
32.309-0.885   1              350            32.2916        -0.9064        283.3743       -0.9831        1.02      
32.309-0.885   2              250            32.3380        -0.8458        283.3415       -0.9142        0.00           
32.309-0.885   2              350            32.3385        -0.8454        283.3414       -0.9136        2.30  
32.326+0.08    1              250            32.3241        0.0723         282.5180       -0.5080        0.00           
32.326+0.08    1              350            32.3257        0.0737         282.5174       -0.5059        7.65  
32.326+0.08    2              250            32.3372        0.1012         282.4982       -0.4831        0.00           
32.326+0.08    2              350            32.3375        0.1011         282.4984       -0.4829        1.14  
32.635-0.255   3              250            32.6648        -0.2464        282.9570       -0.3501        0.00           
32.635-0.255   3              350            32.6641        -0.2461        282.9564       -0.3506        2.74     
34.247+0.156   1              250            34.2510        0.2041         283.2794       1.2670         0.00           
34.247+0.156   1              350            34.2514        0.2042         283.2795       1.2674         1.48  
34.685-0.729   1              250            34.6564        -0.7349        284.3001       1.1994         0.00           
34.685-0.729   1              350            34.6562        -0.7347        284.2999       1.1993         1.02  
34.784-0.557   1              250            34.7698        -0.5644        284.2001       1.3781         0.00           
34.784-0.557   1              350            34.7710        -0.5640        284.2003       1.3794         4.55  
35.191-0.758   1              250            35.0869        -0.8192        284.5717       1.5439         0.00           
35.191-0.758   1              350            35.0883        -0.8180        284.5713       1.5457         6.64   
35.549+0.049   2              250            35.5562        0.0147         284.0437       2.3421         0.00           
35.549+0.049   2              350            35.5565        0.0147         284.0438       2.3424         1.08  
35.732-0.873   3              250            35.8411        -0.9176        285.0039       2.1698         0.00           
35.732-0.873   3              350            35.8406        -0.9150        285.0014       2.1706         9.53    
35.732-0.873   6              250            35.8255        -0.8115        284.9024       2.2044         0.00           
35.732-0.873   6              350            35.8267        -0.8110        284.9025       2.2057         4.68  
35.745+0.147   2              250            35.7859        0.1822         283.9994       2.6229         0.00           
35.745+0.147   2              350            35.7856        0.1825         283.9990       2.6228         1.53 
35.839-0.228   1              250            35.8620        -0.2312        284.4024       2.5019         0.00           
35.839-0.228   1              350            35.8617        -0.2314        284.4024       2.5016         1.30    
36.346-0.086   1              250            36.3544        -0.1020        284.5124       2.9990         0.00           
36.346-0.086   1              350            36.3530        -0.1013        284.5111       2.9981         5.63  
37.438+0.141   2              250            37.4423        0.1421         284.7928       4.0783         0.00           
37.438+0.141   2              350            37.4438        0.1399         284.7954       4.0786         9.59  
37.562-0.137   1              250            37.4312        -0.0503        284.9593       3.9805         0.00           
37.562-0.137   1              350            37.4322        -0.0498        284.9593       3.9816         4.02
37.78-0.265    1              250            37.7647        -0.2599        285.2990       4.1812         0.00           
37.78-0.265    1              350            37.7653        -0.2600        285.2994       4.1817         2.19  
37.841-0.09    1              250            37.8826        -0.0972        285.2081       4.3604         0.00           
37.841-0.09    1              350            37.8832        -0.0971        285.2082       4.3610         2.19    
38.977-0.618   2              250            38.9764        -0.6194        286.1766       5.0935         0.00           
38.977-0.618   2              350            38.9771        -0.6196        286.1771       5.0940         2.62   
38.99-0.812    1              250            38.9941        -0.8123        286.3568       5.0207         0.00           
38.99-0.812    1              350            38.9939        -0.8119        286.3563       5.0207         1.61  
39.286-0.025   2              250            39.3095        -0.0520        285.8235       5.6497         0.00           
39.286-0.025   2              350            39.3108        -0.0519        285.8240       5.6509         4.69    
41.065-0.234   2              250            41.1719        -0.1014        286.7282       7.2816         0.00           
41.065-0.234   2              350            41.1712        -0.1016        286.7280       7.2808         2.62   
41.182-0.161   2              250            41.1981        -0.1913        286.8208       7.2635         0.00           
41.182-0.161   2              350            41.1986        -0.1917        286.8214       7.2637         2.31 
42.137-0.648   1              250            41.9888        -0.6837        287.6292       7.7382         0.00           
42.137-0.648   1              350            41.9893        -0.6830        287.6288       7.7389         3.10  
43.139-0.038   1              250            43.1092        0.0178         287.5232       9.0559         0.00           
43.139-0.038   1              350            43.1094        0.0173         287.5237       9.0558         1.94   
43.139-0.038   2              250            43.0996        0.0505         287.4893       9.0625         0.00           
43.139-0.038   2              350            43.1007        0.0500         287.4903       9.0632         4.35       
43.139-0.038   4              250            43.1075        0.0444         287.4985       9.0666         0.00           
43.139-0.038   4              350            43.1074        0.0445         287.4983       9.0666         0.51   
43.174-0.075   1              250            43.1652        -0.0699        287.6281       9.0650         0.00           
43.174-0.075   1              350            43.1650        -0.0699        287.6280       9.0649         0.72  
43.207-0.013   2              250            43.1234        0.0356         287.5138       9.0767         0.00           
43.207-0.013   2              350            43.1238        0.0353         287.5143       9.0769         1.80  
43.82-0.121    1              250            43.8169        -0.1174        287.9762       9.6209         0.00           
43.82-0.121    1              350            43.8178        -0.1177        287.9769       9.6216         3.42 
44.243+0.084   1              250            44.2434        0.0646         288.0128       10.0832        0.00           
44.243+0.084   1              350            44.2436        0.0648         288.0127       10.0835        1.02  
44.292-0.817   1              250            44.2614        -0.8120        288.8095       9.6924         0.00           
44.292-0.817   1              350            44.2613        -0.8119        288.8094       9.6924         0.51 
44.341+0.115   2              250            44.3592        0.0936         288.0412       10.1993        0.00           
44.341+0.115   2              350            44.3573        0.0938         288.0401       10.1977        6.88    
44.347+0.095   1              250            44.3449        0.0974         288.0310       10.1884        0.00           
44.347+0.095   1              350            44.3467        0.0977         288.0316       10.1901        6.57
45.169-0.428   2              250            45.1426        -0.4052        288.8601       10.6617        0.00           
45.169-0.428   2              350            45.1428        -0.4046        288.8597       10.6621        2.28     
45.19-0.41     1              250            45.1606        -0.4098        288.8728       10.6755        0.00           
45.19-0.41     1              350            45.1601        -0.4093        288.8721       10.6752        2.55 
45.44-0.106    1              250            45.4400        -0.1062        288.7315       11.0640        0.00           
45.44-0.106    1              350            45.4408        -0.1065        288.7321       11.0646        3.08 
45.787-0.335   1              250            45.7409        -0.3307        289.0768       11.2258        0.00           
45.787-0.335   1              350            45.7412        -0.3308        289.0770       11.2260        1.14     
45.791-0.275   1              250            45.7693        -0.3126        289.0739       11.2594        0.00           
45.791-0.275   1              350            45.7685        -0.3127        289.0736       11.2586        2.90   
45.843-0.333   1              250            45.8684        -0.3316        289.1382       11.3382        0.00           
45.843-0.333   1              350            45.8685        -0.3319        289.1385       11.3381        1.14  
48.602+0.294   6              250            48.6168        0.3266         289.8588       14.0755        0.00           
48.602+0.294   6              350            48.6168        0.3277         289.8578       14.0760        3.96    
48.602+0.294   7              250            48.5956        0.3630         289.8154       14.0738        0.00           
48.602+0.294   7              350            48.5955        0.3630         289.8153       14.0737        0.36  
48.602+0.294   8              250            48.6601        0.2904         289.9127       14.0968        0.00           
48.602+0.294   8              350            48.6598        0.2912         289.9118       14.0969        3.08        
48.602+0.294   9              250            48.6404        0.3493         289.8495       14.1070        0.00           
48.602+0.294   9              350            48.6407        0.3502         289.8488       14.1077        3.42  
48.602+0.294   11             250            48.6531        0.3777         289.8298       14.1315        0.00           
48.602+0.294   11             350            48.6529        0.3786         289.8288       14.1318        3.32 
48.602+0.294   12             250            48.6442        0.4010         289.8042       14.1346        0.00           
48.602+0.294   12             350            48.6440        0.4012         289.8040       14.1345        1.02  
48.641-0.757   1              250            48.6218        -0.7277        290.8193       13.5839        0.00           
48.641-0.757   1              350            48.6210        -0.7278        290.8190       13.5832        2.90   
48.684-0.23    1              250            48.6804        -0.2451        290.4096       13.8631        0.00           
48.684-0.23    1              350            48.6798        -0.2457        290.4099       13.8623        3.05   
48.794-0.616   1              250            48.7774        -0.6360        290.8117       13.7644        0.00           
48.794-0.616   1              350            48.7776        -0.6355        290.8114       13.7648        1.94  
48.842-0.159   1              250            48.8807        -0.1770        290.4449       14.0719        0.00           
48.842-0.159   1              350            48.8796        -0.1759        290.4434       14.0714        5.60     
48.952-0.623   1              250            48.8960        -0.5963        290.8334       13.8876        0.00           
48.952-0.623   1              350            48.8970        -0.5975        290.8349       13.8880        5.62      
49.001-0.206   1              250            48.9256        -0.1627        290.4537       14.1182        0.00           
49.001-0.206   1              350            48.9257        -0.1611        290.4523       14.1191        5.77     
49.108-0.613   2              250            49.1909        -0.6298        291.0075       14.1317        0.00           
49.108-0.613   2              350            49.1919        -0.6297        291.0078       14.1326        3.62  
49.124-0.215   2              250            49.1482        -0.1446        290.5454       14.3231        0.00           
49.124-0.215   2              350            49.1479        -0.1438        290.5445       14.3232        3.08          
49.147-0.475   1              250            49.1265        -0.4621        290.8237       14.1542        0.00           
49.147-0.475   1              350            49.1275        -0.4617        290.8238       14.1553        3.88   
49.181-0.2     2              250            49.2806        -0.2400        290.6967       14.3949        0.00           
49.181-0.2     2              350            49.2810        -0.2397        290.6966       14.3954        1.80  
49.189-0.367   1              250            49.0291        -0.2723        290.6037       14.1579        0.00           
49.189-0.367   1              350            49.0291        -0.2713        290.6028       14.1584        3.60    
49.189-0.367   2              250            49.1122        -0.3218        290.6891       14.2078        0.00           
49.189-0.367   2              350            49.1126        -0.3217        290.6892       14.2082        1.48  
49.232-0.468   1              250            49.2572        -0.5139        290.9345       14.2449        0.00           
49.232-0.468   1              350            49.2581        -0.5132        290.9343       14.2460        4.10 
49.325-0.412   1              250            49.3265        -0.4890        290.9456       14.3177        0.00           
49.325-0.412   1              350            49.3268        -0.4884        290.9452       14.3183        2.41 
49.387-0.405   1              250            49.4214        -0.4146        290.9243       14.4365        0.00           
49.387-0.405   1              350            49.4214        -0.4143        290.9240       14.4367        1.08      
49.398-0.576   1              250            49.3914        -0.6127        291.0898       14.3164        0.00           
49.398-0.576   1              350            49.3920        -0.6123        291.0897       14.3171        2.60 
49.478-0.41    1              250            49.5675        -0.2737        290.8673       14.6319        0.00           
49.478-0.41    1              350            49.5663        -0.2733        290.8664       14.6310        4.55     
49.618-0.554   1              250            49.6622        -0.5996        291.2103       14.5611        0.00           
49.618-0.554   1              350            49.6624        -0.5998        291.2106       14.5612        1.02 
49.648-0.202   1              250            49.5934        -0.1923        290.8058       14.6932        0.00           
49.648-0.202   1              350            49.5935        -0.1907        290.8044       14.6940        5.77  
49.648-0.202   2              250            49.6661        -0.2470        290.8912       14.7314        0.00           
49.648-0.202   2              350            49.6671        -0.2460        290.8907       14.7327        5.09    
49.677-0.463   1              250            49.6998        -0.4582        291.1000       14.6612        0.00           
49.677-0.463   1              350            49.7004        -0.4574        291.0996       14.6621        3.60  
49.703-0.53    1              250            49.6932        -0.5567        291.1864       14.6087        0.00           
49.703-0.53    1              350            49.6932        -0.5563        291.1861       14.6089        1.44   
49.732-0.424   1              250            49.7022        -0.4174        291.0640       14.6826        0.00           
49.732-0.424   1              350            49.7021        -0.4175        291.0641       14.6825        0.51  
50.06+0.001    3              250            50.0545        0.0230         290.8348       15.2013        0.00           
50.06+0.001    3              350            50.0543        0.0244         290.8334       15.2018        5.09        
50.827+0.186   1              250            50.8157        0.2002         291.0464       15.9558        0.00           
50.827+0.186   1              350            50.8156        0.2002         291.0463       15.9557        0.36  
50.827+0.186   2              250            50.8134        0.2151         291.0316       15.9608        0.00           
50.827+0.186   2              350            50.8140        0.2169         291.0302       15.9622        6.83    
50.856+0.017   1              250            50.8173        0.0434         291.1908       15.8829        0.00           
50.856+0.017   1              350            50.8168        0.0436         291.1903       15.8826        1.94  
50.856+0.017   2              250            50.8959        -0.0704        291.3337       15.8982        0.00           
50.856+0.017   2              350            50.8961        -0.0700        291.3334       15.8985        1.61
50.892+0.223   1              250            50.8465        0.2558         291.0106       16.0092        0.00           
50.892+0.223   1              350            50.8465        0.2564         291.0100       16.0095        2.16  
50.892+0.223   2              250            50.8908        0.1883         291.0942       16.0163        0.00           
50.892+0.223   2              350            50.8911        0.1891         291.0937       16.0169        3.08  
50.892+0.223   3              250            50.8646        0.2592         291.0164       16.0268        0.00           
50.892+0.223   3              350            50.8650        0.2593         291.0165       16.0272        1.48   
50.892+0.223   4              250            50.9138        0.1783         291.1147       16.0318        0.00           
50.892+0.223   4              350            50.9136        0.1790         291.1140       16.0320        2.62  
50.892+0.223   5              250            50.9299        0.1698         291.1305       16.0420        0.00           
50.892+0.223   5              350            50.9289        0.1706         291.1292       16.0415        4.61      
51.048+0.198   3              250            51.0388        0.0792         291.2672       16.0949        0.00           
51.048+0.198   3              350            51.0395        0.0796         291.2672       16.0957        2.90 
51.048+0.198   4              250            51.0338        0.1199         291.2274       16.1098        0.00           
51.048+0.198   4              350            51.0334        0.1210         291.2262       16.1100        4.21      
51.814+0.418   5              250            51.7636        0.6355         291.1144       16.9968        0.00           
51.814+0.418   5              350            51.7638        0.6357         291.1143       16.9971        1.02    
52.173+0.691   1              250            52.0816        0.7541         291.1627       17.3330        0.00           
52.173+0.691   1              350            52.0817        0.7547         291.1622       17.3334        2.19 
53.132+0.257   3              250            53.2143        0.1934         292.2462       18.0622        0.00           
53.132+0.257   3              350            53.2152        0.1953         292.2449       18.0639        7.57   
53.257+0.043   1              250            53.2036        0.0767         292.3486       17.9969        0.00           
53.257+0.043   1              350            53.2039        0.0751         292.3502       17.9964        5.86 
53.396+0.043   1              250            53.3910        0.0634         292.4553       18.1550        0.00           
53.396+0.043   1              350            53.3893        0.0599         292.4577       18.1519        14.01   
53.668-0.163   1              250            53.6466        -0.1968        292.8248       18.2542        0.00           
53.668-0.163   1              350            53.6470        -0.1964        292.8247       18.2548        2.04  
53.694-0.066   1              250            53.6906        -0.0817        292.7408       18.3482        0.00           
53.694-0.066   1              350            53.6908        -0.0820        292.7412       18.3482        1.30 
53.696+0.45    2              250            53.7429        0.4505         292.2749       18.6494        0.00           
53.696+0.45    2              350            53.7447        0.4487         292.2775       18.6501        9.16 
53.784-0.138   1              250            53.7824        -0.1122        292.8156       18.4140        0.00           
53.784-0.138   1              350            53.7828        -0.1123        292.8159       18.4143        1.48 
53.784-0.138   2              250            53.7963        -0.1225        292.8321       18.4212        0.00           
53.784-0.138   2              350            53.7962        -0.1224        292.8320       18.4211        0.51 
53.8+0.008     8              250            53.8554        -0.0090        292.7572       18.5276        0.00           
53.8+0.008     8              350            53.8562        -0.0088        292.7574       18.5284        2.97      
53.811-0.043   1              250            53.9198        -0.0130        292.7936       18.5821        0.00           
53.811-0.043   1              350            53.9202        -0.0128        292.7936       18.5826        1.61  
54.509+0.943   2              250            54.5166        0.9592         292.1938       19.5721        0.00           
54.509+0.943   2              350            54.5168        0.9595         292.1936       19.5724        1.30  
55.143-0.29    1              250            55.1007        -0.3368        293.6972       19.4594        0.00           
55.143-0.29    1              350            55.1009        -0.3363        293.6969       19.4598        1.94   
