map name       source         band [mu]      glon           glat           ra             dec            distance ["]   
---------------------------------------------------------------------------------------------------------------------------------------
15.054+0.086   1              250            15.0444        0.0768         274.4171       -15.8278       0.00           
15.054+0.086   1              350            15.0454        0.0764         274.4180       -15.8272       3.88 
17.082+0.442   4              250            17.0823        0.4456         275.0781       -13.8579       0.00           
17.082+0.442   4              350            17.0836        0.4471         275.0773       -13.8560       7.15 
18.5-0.183     1              250            18.4994        -0.1808        276.3302       -12.9005       0.00           
18.5-0.183     1              350            18.4994        -0.1807        276.3301       -12.9004       0.36  
18.571-0.435   2              250            18.5718        -0.4344        276.5950       -12.9548       0.00           
18.571-0.435   2              350            18.5717        -0.4340        276.5946       -12.9547       1.48 
18.762-0.029   1              250            18.7634        -0.0292        276.3192       -12.5962       0.00           
18.762-0.029   1              350            18.7641        -0.0287        276.3191       -12.5954       3.10  
18.886+0.068   9              250            18.9204        0.0781         276.2972       -12.4073       0.00           
18.886+0.068   9              350            18.9211        0.0792         276.2965       -12.4062       4.69 
18.906-0.152   1              250            18.9068        -0.1512        276.4983       -12.5264       0.00           
18.906-0.152   1              350            18.9066        -0.1502        276.4973       -12.5261       3.67  
19.041-0.515   2              250            19.0216        -0.4874        276.8579       -12.5814       0.00           
19.041-0.515   2              350            19.0208        -0.4871        276.8573       -12.5820       3.08  
19.137-0.056   1              250            19.1246        -0.0529        276.5133       -12.2879       0.00           
19.137-0.056   1              350            19.1246        -0.0528        276.5133       -12.2878       0.36  
20.031-0.706   1              250            20.0309        -0.7076        277.5368       -11.7898       0.00           
20.031-0.706   1              350            20.0318        -0.7068        277.5365       -11.7886       4.33 
21.321-0.139   1              250            21.3213        -0.1389        277.6323       -10.3828       0.00           
21.321-0.139   1              350            21.3216        -0.1391        277.6326       -10.3826       1.30    
21.977+0.232   1              250            21.9768        0.2342         277.6048       -9.6290        0.00           
21.977+0.232   1              350            21.9739        0.2319         277.6055       -9.6327        13.32 
22.31-0.628    1              250            22.3098        -0.6268        278.5355       -9.7315        0.00           
22.31-0.628    1              350            22.3081        -0.6263        278.5343       -9.7327        6.38 
22.43-0.706    1              250            22.4336        -0.7031        278.6621       -9.6567        0.00           
22.43-0.706    1              350            22.4321        -0.7033        278.6615       -9.6582        5.45 
22.585-0.204   1              250            22.5867        -0.2035        278.2841       -9.2906        0.00           
22.585-0.204   1              350            22.5860        -0.2037        278.2840       -9.2913        2.62 
22.729+0.126   2              250            22.7277        0.1261         278.0540       -9.0133        0.00           
22.729+0.126   2              350            22.7276        0.1263         278.0537       -9.0133        0.80 
22.795-0.457   3              250            22.8307        -0.4541        278.6234       -9.1896        0.00           
22.795-0.457   3              350            22.8308        -0.4541        278.6235       -9.1895        0.36  
22.945-0.446   1              250            22.9453        -0.4445        278.6682       -9.0835        0.00           
22.945-0.446   1              350            22.9469        -0.4436        278.6682       -9.0816        6.61 
23.031-0.624   1              250            23.0311        -0.6239        278.8695       -9.0899        0.00           
23.031-0.624   1              350            23.0320        -0.6242        278.8702       -9.0892        3.42  
23.066+0.049   2              250            23.0689        0.0483         278.2833       -8.7466        0.00           
23.066+0.049   2              350            23.0687        0.0485         278.2830       -8.7467        1.02 
23.104-0.071   1              250            23.1015        -0.0881        278.4209       -8.7806        0.00           
23.104-0.071   1              350            23.1020        -0.0871        278.4203       -8.7797        4.02  
23.14-0.326    1              250            23.1244        -0.3330        278.6516       -8.8731        0.00           
23.14-0.326    1              350            23.1253        -0.3330        278.6520       -8.8723        3.24  
23.252+0.017   1              250            23.2255        0.0072         278.3932       -8.6266        0.00           
23.252+0.017   1              350            23.2259        0.0073         278.3933       -8.6262        1.48   
23.252+0.017   3              250            23.2523        0.0184         278.3957       -8.5977        0.00           
23.252+0.017   3              350            23.2518        0.0188         278.3951       -8.5979        2.31  
23.294-0.202   1              250            23.2784        -0.2150        278.6174       -8.6821        0.00           
23.294-0.202   1              350            23.2773        -0.2152        278.6170       -8.6832        4.02    
23.294-0.202   2              250            23.3103        -0.1935        278.6129       -8.6439        0.00           
23.294-0.202   2              350            23.3101        -0.1938        278.6131       -8.6442        1.30  
23.296+0.055   1              250            23.2957        0.0548         278.3833       -8.5424        0.00           
23.296+0.055   1              350            23.2966        0.0550         278.3835       -8.5415        3.32  
23.378+0.098   1              250            23.3790        0.0991         278.3824       -8.4480        0.00           
23.378+0.098   1              350            23.3777        0.1000         278.3810       -8.4488        5.69  
23.382-0.022   1              250            23.3814        -0.0207        278.4910       -8.5011        0.00           
23.382-0.022   1              350            23.3819        -0.0206        278.4911       -8.5007        1.84 
23.423-0.103   1              250            23.3192        -0.1071        278.5395       -8.5962        0.00           
23.423-0.103   1              350            23.3196        -0.1071        278.5397       -8.5958        1.44
23.477-0.536   1              250            23.4450        -0.5240        278.9724       -8.6764        0.00           
23.477-0.536   1              350            23.4464        -0.5238        278.9729       -8.6751        5.09  
23.477-0.536   2              250            23.4804        -0.5441        279.0070       -8.6542        0.00           
23.477-0.536   2              350            23.4804        -0.5422        279.0052       -8.6534        6.84 
23.477-0.536   3              250            23.4793        -0.5343        278.9976       -8.6507        0.00           
23.477-0.536   3              350            23.4796        -0.5329        278.9965       -8.6498        5.15 
23.923-0.208   1              250            23.9250        -0.2081        278.9121       -8.1049        0.00           
23.923-0.208   1              350            23.9244        -0.2078        278.9115       -8.1053        2.41  
24.05-0.214    1              250            24.0496        -0.2140        278.9753       -7.9970        0.00           
24.05-0.214    1              350            24.0499        -0.2141        278.9755       -7.9968        1.14 
24.097+0.349   1              250            24.0799        0.3451         278.4883       -7.7127        0.00           
24.097+0.349   1              350            24.0810        0.3446         278.4893       -7.7119        4.35 
24.193-0.081   1              250            24.1956        -0.0795        278.9225       -7.8055        0.00           
24.193-0.081   1              350            24.1958        -0.0793        278.9224       -7.8052        1.02 
24.296+0.206   1              250            24.2982        0.2126         278.7085       -7.5800        0.00           
24.296+0.206   1              350            24.2980        0.2123         278.7086       -7.5803        1.30 
24.373-0.157   2              250            24.3657        -0.1670        279.0798       -7.6947        0.00           
24.373-0.157   2              350            24.3657        -0.1666        279.0795       -7.6945        1.44  
24.668-0.115   1              250            24.6915        -0.1243        279.1926       -7.3857        0.00           
24.668-0.115   1              350            24.6912        -0.1240        279.1922       -7.3859        1.53 
24.813-0.107   1              250            24.8172        -0.1285        279.2546       -7.2760        0.00           
24.813-0.107   1              350            24.8170        -0.1288        279.2548       -7.2763        1.30 
24.855+0.683   1              250            24.8552        0.6834         278.5459       -6.8687        0.00           
24.855+0.683   1              350            24.8561        0.6834         278.5463       -6.8679        3.24  
24.964-0.173   5              250            24.9636        -0.1714        279.3608       -7.1657        0.00           
24.964-0.173   5              350            24.9645        -0.1721        279.3619       -7.1652        4.10  
24.964-0.173   7              250            24.9935        -0.0993        279.3101       -7.1060        0.00           
24.964-0.173   7              350            24.9944        -0.0995        279.3107       -7.1053        3.32  
25.046-0.183   1              250            25.0483        -0.1813        279.4089       -7.0950        0.00           
25.046-0.183   1              350            25.0472        -0.1805        279.4077       -7.0956        4.90  
25.075+0.202   1              250            25.0753        0.2019         279.0785       -6.8949        0.00           
25.075+0.202   1              350            25.0754        0.2023         279.0782       -6.8947        1.48 
25.076+0.182   1              250            25.0766        0.1828         279.0962       -6.9026        0.00           
25.076+0.182   1              350            25.0767        0.1826         279.0964       -6.9026        0.80 
25.236+0.451   1              250            25.2369        0.4516         278.9300       -6.6366        0.00           
25.236+0.451   1              350            25.2372        0.4515         278.9302       -6.6364        1.14   
25.266+0.38    1              250            25.2706        0.3797         279.0099       -6.6398        0.00           
25.266+0.38    1              350            25.2705        0.3796         279.0099       -6.6399        0.51 
25.674-0.123   1              250            25.6642        -0.1190        279.6378       -6.5192        0.00           
25.674-0.123   1              350            25.6644        -0.1189        279.6378       -6.5189        0.80 
25.747+0.028   1              250            25.7470        0.0284         279.5442       -6.3780        0.00           
25.747+0.028   1              350            25.7472        0.0290         279.5438       -6.3775        2.28
26.291+0.134   2              250            26.2911        0.1340         279.7009       -5.8461        0.00           
26.291+0.134   2              350            26.2910        0.1349         279.7000       -5.8457        3.26  
26.344+0.135   1              250            26.3454        0.1374         279.7229       -5.7962        0.00           
26.344+0.135   1              350            26.3449        0.1378         279.7223       -5.7965        2.31 
26.432-0.662   2              250            26.4181        -0.6421        280.4530       -6.0886        0.00           
26.432-0.662   2              350            26.4185        -0.6414        280.4526       -6.0879        2.90    
26.432-0.662   3              250            26.4341        -0.6617        280.4779       -6.0834        0.00           
26.432-0.662   3              350            26.4350        -0.6624        280.4790       -6.0829        4.10 
26.432-0.662   4              250            26.4535        -0.6755        280.4992       -6.0724        0.00           
26.432-0.662   4              350            26.4541        -0.6753        280.4993       -6.0718        2.28  
26.657-0.075   1              250            26.6579        -0.0753        280.0568       -5.6160        0.00           
26.657-0.075   1              350            26.6585        -0.0749        280.0567       -5.6153        2.60 
26.736+0.213   1              250            26.7357        0.2266         279.8230       -5.4085        0.00           
26.736+0.213   1              350            26.7361        0.2271         279.8228       -5.4079        2.31 
27.145+0.004   1              250            27.1455        0.0045         280.2098       -5.1460        0.00           
27.145+0.004   1              350            27.1459        0.0046         280.2099       -5.1456        1.48  
27.832-0.338   1              250            27.8235        -0.3557        280.8426       -4.7078        0.00           
27.832-0.338   1              350            27.8241        -0.3543        280.8416       -4.7066        5.48   
28.073+0.116   1              250            28.0749        0.1171         280.5361       -4.2681        0.00           
28.073+0.116   1              350            28.0756        0.1162         280.5372       -4.2678        4.10  
28.087+0.067   1              250            28.0887        0.0687         280.5856       -4.2779        0.00           
28.087+0.067   1              350            28.0883        0.0693         280.5849       -4.2780        2.60  
28.111-0.448   2              250            28.1116        -0.4479        281.0569       -4.4937        0.00           
28.111-0.448   2              350            28.1102        -0.4472        281.0557       -4.4946        5.63 
28.275-0.163   1              250            28.2726        -0.1669        280.8800       -4.2221        0.00           
28.275-0.163   1              350            28.2737        -0.1658        280.8795       -4.2206        5.60 
28.333+0.063   1              250            28.3552        0.0724         280.7045       -4.0392        0.00           
28.333+0.063   1              350            28.3562        0.0732         280.7042       -4.0380        4.61   
28.394-0.113   1              250            28.3939        -0.1134        280.8879       -4.0897        0.00           
28.394-0.113   1              350            28.3933        -0.1135        280.8877       -4.0903        2.19  
28.565-0.227   2              250            28.5806        -0.2312        281.0785       -3.9775        0.00           
28.565-0.227   2              350            28.5823        -0.2297        281.0779       -3.9753        8.16 
28.566-0.339   1              250            28.5140        -0.3741        281.1754       -4.1020        0.00           
28.566-0.339   1              350            28.5145        -0.3741        281.1756       -4.1016        1.80  
28.566-0.339   12             250            28.5860        -0.3010        281.1432       -4.0046        0.00           
28.566-0.339   12             350            28.5866        -0.3006        281.1431       -4.0039        2.60   
28.714+0.143   1              250            28.6619        0.1469         280.7786       -3.7324        0.00           
28.714+0.143   1              350            28.6614        0.1467         280.7786       -3.7329        1.94  
28.986+0.024   1              250            28.9866        0.0236         281.0372       -3.4999        0.00           
28.986+0.024   1              350            28.9865        0.0247         281.0362       -3.4995        3.98     
29.026-0.623   1              250            29.0269        -0.6226        281.6317       -3.7591        0.00           
29.026-0.623   1              350            29.0272        -0.6223        281.6316       -3.7587        1.53  
29.174-0.496   1              250            29.1759        -0.4967        281.5876       -3.5691        0.00           
29.174-0.496   1              350            29.1757        -0.4961        281.5869       -3.5690        2.28  
29.284-0.629   1              250            29.3131        -0.6120        281.7531       -3.4996        0.00           
29.284-0.629   1              350            29.3133        -0.6125        281.7536       -3.4997        1.94 
30.308-0.245   1              250            30.3102        -0.2468        281.8832       -2.4457        0.00           
30.308-0.245   1              350            30.3104        -0.2466        281.8831       -2.4455        1.02 
30.314-0.137   2              250            30.3155        -0.1378        281.7885       -2.3913        0.00           
30.314-0.137   2              350            30.3161        -0.1379        281.7889       -2.3908        2.19   
30.438-0.1     1              250            30.4393        -0.0994        281.8108       -2.2636        0.00           
30.438-0.1     1              350            30.4401        -0.0988        281.8107       -2.2626        3.60 
30.578-0.252   1              250            30.5828        -0.2104        281.9752       -2.1866        0.00           
30.578-0.252   1              350            30.5831        -0.2110        281.9759       -2.1866        2.41 
30.615+0.237   2              250            30.6130        0.2353         281.5921       -1.9563        0.00           
30.615+0.237   2              350            30.6151        0.2375         281.5911       -1.9534        10.95
30.664-0.423   1              250            30.6639        -0.4133        282.1929       -2.2069        0.00           
30.664-0.423   1              350            30.6654        -0.4157        282.1957       -2.2067        10.19  
31.023-0.111   1              250            31.0237        -0.1114        282.0883       -1.7490        0.00           
31.023-0.111   1              350            31.0247        -0.1121        282.0894       -1.7485        4.39  
31.039+0.241   1              250            31.0244        0.2621         281.7561       -1.5780        0.00           
31.039+0.241   1              350            31.0257        0.2639         281.7551       -1.5761        7.99 
34.739-0.118   1              250            34.7393        -0.1186        283.7894       1.5544         0.00           
34.739-0.118   1              350            34.7394        -0.1190        283.7898       1.5543         1.48 
36.671-0.131   1              250            36.6707        -0.1282        284.6804       3.2684         0.00           
36.671-0.131   1              350            36.6710        -0.1304        284.6825       3.2677         7.99    
37.473+0.049   1              250            37.4745        0.0491         284.8905       4.0644         0.00           
37.473+0.049   1              350            37.4754        0.0494         284.8906       4.0653         3.42   
38.864-0.488   1              250            38.8555        -0.5010        286.0153       5.0404         0.00           
38.864-0.488   1              350            38.8559        -0.5009        286.0154       5.0408         1.48 
