map name       source         band [mu]      glon           glat           ra             dec            distance ["]   
---------------------------------------------------------------------------------------------------------------------------------------
15.007+0.008   1              250            15.0069        0.0102         274.4596       -15.8924       0.00           
15.007+0.008   1              350            15.0074        0.0097         274.4603       -15.8922       2.55 
15.907-0.147   1              250            15.9082        -0.1460        275.0449       -15.1722       0.00           
15.907-0.147   1              350            15.9080        -0.1449        275.0438       -15.1719       4.02  
16.852-0.319   1              250            16.8492        -0.3169        275.6588       -14.4223       0.00           
16.852-0.319   1              350            16.8494        -0.3169        275.6589       -14.4221       0.72  
16.925+0.242   1              250            16.9158        0.1996         275.2208       -14.1207       0.00           
16.925+0.242   1              350            16.9162        0.1994         275.2212       -14.1204       1.61 
17.082+0.442   2              250            17.0556        0.4376         275.0724       -13.8852       0.00           
17.082+0.442   2              350            17.0559        0.4371         275.0730       -13.8852       2.10 
17.082+0.442   3              250            17.0821        0.3955         275.1235       -13.8817       0.00           
17.082+0.442   3              350            17.0832        0.3959         275.1237       -13.8805       4.21        
17.619-0.204   1              250            17.6228        -0.2044        275.9303       -13.6863       0.00           
17.619-0.204   1              350            17.6223        -0.2040        275.9297       -13.6866       2.31 
18.105-0.234   1              250            18.0978        -0.2303        276.1825       -13.2787       0.00           
18.105-0.234   1              350            18.0983        -0.2311        276.1834       -13.2786       3.40 
18.214-0.486   1              250            18.2151        -0.4868        276.4718       -13.2947       0.00           
18.214-0.486   1              350            18.2139        -0.4864        276.4709       -13.2956       4.55  
18.261-0.309   1              250            18.2240        -0.3276        276.3314       -13.2125       0.00           
18.261-0.309   1              350            18.2252        -0.3251        276.3297       -13.2103       9.98 
18.287-0.256   3              250            18.2349        -0.1891        276.2109       -13.1382       0.00           
18.287-0.256   3              350            18.2369        -0.1877        276.2106       -13.1358       8.79
18.287-0.256   6              250            18.2448        -0.1904        276.2168       -13.1301       0.00           
18.287-0.256   6              350            18.2464        -0.1894        276.2167       -13.1282       6.79 
18.486-0.165   1              250            18.4854        -0.1651        276.3093       -12.9055       0.00           
18.486-0.165   1              350            18.4863        -0.1646        276.3093       -12.9045       3.71 
18.849-0.086   1              250            18.8486        -0.0856        276.4111       -12.5472       0.00           
18.849-0.086   1              350            18.8460        -0.0840        276.4084       -12.5488       10.99  
18.886+0.068   3              250            18.8860        -0.0247        276.3738       -12.4857       0.00           
18.886+0.068   3              350            18.8863        -0.0243        276.3736       -12.4853       1.80 
18.886+0.068   7              250            18.9066        0.0800         276.2888       -12.4186       0.00           
18.886+0.068   7              350            18.9063        0.0785         276.2901       -12.4196       5.51 
18.886+0.068   10             250            18.8987        0.1366         276.2338       -12.3991       0.00           
18.886+0.068   10             350            18.8978        0.1367         276.2333       -12.3999       3.26 
18.893+1.005   1              250            18.9369        0.9759         275.4936       -11.9721       0.00           
18.893+1.005   1              350            18.9374        0.9765         275.4933       -11.9714       2.81
18.893+1.005   2              250            18.9296        1.0134         275.4563       -11.9609       0.00           
18.893+1.005   2              350            18.9313        1.0133         275.4572       -11.9595       6.13   
18.927-0.524   3              250            18.9216        -0.4847        276.8078       -12.6687       0.00           
18.927-0.524   3              350            18.9219        -0.4844        276.8076       -12.6683       1.53
18.947+0.859   1              250            18.9326        0.8646         275.5920       -12.0282       0.00           
18.947+0.859   1              350            18.9354        0.8665         275.5916       -12.0248       12.18   
18.974-0.262   1              250            18.9660        -0.2676        276.6321       -12.5283       0.00           
18.974-0.262   1              350            18.9664        -0.2673        276.6320       -12.5278       1.80  
19.019-0.07    1              250            18.9915        -0.0573        276.4538       -12.4076       0.00           
19.019-0.07    1              350            18.9912        -0.0573        276.4536       -12.4079       1.08 
19.159-0.493   3              250            19.1341        -0.4898        276.9137       -12.4830       0.00           
19.159-0.493   3              350            19.1342        -0.4898        276.9137       -12.4829       0.36     
19.186-0.299   1              250            19.1870        -0.2744        276.7437       -12.3359       0.00           
19.186-0.299   1              350            19.1876        -0.2746        276.7442       -12.3355       2.28  
19.281-0.387   1              250            19.2815        -0.3877        276.8914       -12.3050       0.00           
19.281-0.387   1              350            19.2823        -0.3875        276.8916       -12.3042       2.97          
19.284+0.455   1              250            19.2839        0.4297         276.1530       -11.9216       0.00           
19.284+0.455   1              350            19.2849        0.4301         276.1531       -11.9205       3.88    
20.775-0.076   1              250            20.7579        -0.1074        277.3382       -10.8674       0.00           
20.775-0.076   1              350            20.7588        -0.1077        277.3389       -10.8667       3.42       
22.429+0.269   5              250            22.4383        0.2809         277.7794       -9.1983        0.00           
22.429+0.269   5              350            22.4383        0.2810         277.7793       -9.1983        0.36 
22.429+0.269   11             250            22.5128        0.3262         277.7737       -9.1113        0.00           
22.429+0.269   11             350            22.5131        0.3259         277.7741       -9.1112        1.53  
22.429+0.269   14             250            22.5276        0.3519         277.7575       -9.0863        0.00           
22.429+0.269   14             350            22.5266        0.3534         277.7557       -9.0865        6.49    
22.429+0.269   15             250            22.5726        0.3442         277.7855       -9.0500        0.00           
22.429+0.269   15             350            22.5705        0.3450         277.7838       -9.0515        8.09 
22.53+0.274    1              250            22.5204        0.2710         277.8268       -9.1301        0.00           
22.53+0.274    1              350            22.5200        0.2712         277.8264       -9.1304        1.61     
22.53+0.274    2              250            22.5290        0.2746         277.8276       -9.1208        0.00           
22.53+0.274    2              350            22.5295        0.2757         277.8268       -9.1199        4.35  
22.546-0.526   1              250            22.5127        -0.5187        278.5330       -9.5016        0.00           
22.546-0.526   1              350            22.5141        -0.5188        278.5338       -9.5004        5.05   
22.795-0.457   2              250            22.8073        -0.4507        278.6094       -9.2088        0.00           
22.795-0.457   2              350            22.8079        -0.4519        278.6108       -9.2088        4.83      
23.066+0.049   1              250            23.0655        0.0396         278.2895       -8.7536        0.00           
23.066+0.049   1              350            23.0660        0.0399         278.2895       -8.7530        2.10  
23.091-0.334   1              250            23.0901        -0.3336        278.6361       -8.9039        0.00           
23.091-0.334   1              350            23.0913        -0.3339        278.6369       -8.9029        4.45  
23.091-0.334   2              250            23.0880        -0.3084        278.6125       -8.8941        0.00           
23.091-0.334   2              350            23.0888        -0.3106        278.6148       -8.8944        8.43  
23.234-0.27    2              250            23.2351        -0.2677        278.6445       -8.7448        0.00           
23.234-0.27    2              350            23.2347        -0.2680        278.6446       -8.7453        1.80
23.853+0.069   1              250            23.8543        0.0716         278.6284       -8.0389        0.00           
23.853+0.069   1              350            23.8547        0.0725         278.6278       -8.0381        3.55  
24.392+0.448   2              250            24.3968        0.4433         278.5478       -7.3862        0.00           
24.392+0.448   2              350            24.3949        0.4451         278.5453       -7.3870        9.42   
24.392+0.448   4              250            24.4210        0.4341         278.5672       -7.3689        0.00           
24.392+0.448   4              350            24.4209        0.4342         278.5671       -7.3690        0.51    
24.491+0.339   1              250            24.4676        0.3111         278.6990       -7.3842        0.00           
24.491+0.339   1              350            24.4671        0.3105         278.6993       -7.3850        2.81     
24.579-0.141   1              250            24.6139        -0.1402        279.1709       -7.4619        0.00           
24.579-0.141   1              350            24.6144        -0.1400        279.1710       -7.4614        1.94        
24.964-0.173   2              250            24.8914        -0.1298        279.2902       -7.2107        0.00           
24.964-0.173   2              350            24.8907        -0.1291        279.2892       -7.2110        3.56     
24.964-0.173   4              250            24.9220        -0.1367        279.3105       -7.1867        0.00           
24.964-0.173   4              350            24.9216        -0.1355        279.3092       -7.1865        4.55    
25.394-0.361   1              250            25.3581        -0.3458        279.6994       -6.8952        0.00           
25.394-0.361   1              350            25.3583        -0.3457        279.6994       -6.8950        0.80    
25.439-0.528   1              250            25.4230        -0.4697        279.8402       -6.8943        0.00           
25.439-0.528   1              350            25.4236        -0.4682        279.8392       -6.8931        5.82 
25.772+0.215   2              250            25.7650        0.2655         279.3406       -6.2531        0.00           
25.772+0.215   2              350            25.7652        0.2664         279.3399       -6.2525        3.32  
25.79+0.619    1              250            25.7978        0.6148         279.0437       -6.0635        0.00           
25.79+0.619    1              350            25.7978        0.6157         279.0429       -6.0631        3.24   
26.082+0.02    1              250            26.0869        0.0293         279.7003       -6.0755        0.00           
26.082+0.02    1              350            26.0875        0.0290         279.7008       -6.0751        2.41   
26.291+0.134   3              250            26.3023        0.1785         279.6663       -5.8157        0.00           
26.291+0.134   3              350            26.3022        0.1784         279.6663       -5.8158        0.51  
26.456-0.392   1              250            26.4453        -0.4049        280.2535       -5.9559        0.00           
26.456-0.392   1              350            26.4450        -0.4053        280.2537       -5.9563        1.80  
26.532-0.103   1              250            26.5327        -0.1023        280.0233       -5.7396        0.00           
26.532-0.103   1              350            26.5330        -0.1021        280.0232       -5.7393        1.30   
26.594-0.303   2              250            26.5937        -0.3016        280.2294       -5.7767        0.00           
26.594-0.303   2              350            26.5937        -0.3015        280.2293       -5.7766        0.36 
27.014-0.619   1              250            27.0139        -0.6192        280.7064       -5.5483        0.00           
27.014-0.619   1              350            27.0149        -0.6184        280.7061       -5.5471        4.61     
27.021+0.289   1              250            27.0238        0.3002         279.8899       -5.1187        0.00           
27.021+0.289   1              350            27.0253        0.3006         279.8903       -5.1172        5.59  
27.359-0.367   1              250            27.3569        -0.3918        280.6607       -5.1393        0.00           
27.359-0.367   1              350            27.3577        -0.3920        280.6613       -5.1387        2.97     
27.586+0.06    3              250            27.5889        0.0595         280.3645       -4.7266        0.00           
27.586+0.06    3              350            27.5895        0.0593         280.3649       -4.7261        2.28   
27.864+0.074   1              250            27.8182        0.1256         280.4108       -4.4924        0.00           
27.864+0.074   1              350            27.8188        0.1252         280.4114       -4.4921        2.60   
27.864+0.074   3              250            27.8734        0.0883         280.4694       -4.4604        0.00           
27.864+0.074   3              350            27.8707        0.0861         280.4701       -4.4638        12.54
28.047-0.459   1              250            28.0332        -0.4867        281.0556       -4.5811        0.00           
28.047-0.459   1              350            28.0326        -0.4863        281.0550       -4.5815        2.60 
28.126-0.174   1              250            28.1280        -0.1891        280.8336       -4.3608        0.00           
28.126-0.174   1              350            28.1273        -0.1883        280.8325       -4.3611        3.83    
28.449-0.265   1              250            28.4459        -0.2647        281.0466       -4.1126        0.00           
28.449-0.265   1              350            28.4470        -0.2642        281.0467       -4.1114        4.35        
28.565-0.227   4              250            28.6088        -0.1878        281.0527       -3.9326        0.00           
28.565-0.227   4              350            28.6083        -0.1887        281.0532       -3.9334        3.71  
28.566-0.339   13             250            28.5984        -0.3267        281.1718       -4.0053        0.00           
28.566-0.339   13             350            28.5980        -0.3283        281.1730       -4.0064        5.94   
28.566-0.339   14             250            28.5839        -0.2898        281.1322       -4.0013        0.00           
28.566-0.339   14             350            28.5831        -0.2905        281.1325       -4.0024        3.83 
28.734-0.304   1              250            28.7231        -0.2942        281.1999       -3.8795        0.00           
28.734-0.304   1              350            28.7242        -0.2954        281.2014       -3.8791        5.86      
29.054-0.684   1              250            29.0442        -0.6751        281.6864       -3.7677        0.00           
29.054-0.684   1              350            29.0445        -0.6748        281.6863       -3.7673        1.53  
29.601-0.579   2              250            29.6141        -0.5578        281.8423       -3.2071        0.00           
29.601-0.579   2              350            29.6143        -0.5572        281.8419       -3.2066        2.28 
29.959-0.054   1              250            29.9012        -0.0615        281.5313       -2.7251        0.00           
29.959-0.054   1              350            29.9009        -0.0627        281.5322       -2.7259        4.45  
29.962-0.789   5              250            29.9217        -0.7706        282.1724       -3.0304        0.00           
29.962-0.789   5              350            29.9221        -0.7704        282.1725       -3.0299        1.61   
30.062+0.108   2              250            30.0395        0.0887         281.4607       -2.5335        0.00           
30.062+0.108   2              350            30.0400        0.0892         281.4605       -2.5328        2.55 
30.492+0.958   5              250            30.5051        0.9775         280.8822       -1.7134        0.00           
30.492+0.958   5              350            30.5047        0.9782         280.8814       -1.7135        2.90    
30.492+0.958   6              250            30.5319        0.9596         280.9104       -1.6978        0.00           
30.492+0.958   6              350            30.5321        0.9603         280.9098       -1.6973        2.62  
30.615+0.237   1              250            30.6178        0.2085         281.6182       -1.9643        0.00           
30.615+0.237   1              350            30.6194        0.2106         281.6170       -1.9619        9.50  
30.807-0.031   3              250            30.8481        -0.0819        281.9819       -1.8919        0.00           
30.807-0.031   3              350            30.8484        -0.0817        281.9818       -1.8915        1.30  
31.039+0.241   3              250            31.0643        0.3302         281.7137       -1.5115        0.00           
31.039+0.241   3              350            31.0648        0.3305         281.7136       -1.5109        2.10      
31.906-0.51    1              250            31.8977        -0.5226        282.8530       -1.1587        0.00           
31.906-0.51    1              350            31.8968        -0.5236        282.8535       -1.1600        4.84  
31.906-0.51    3              250            31.9228        -0.5110        282.8542       -1.1311        0.00           
31.906-0.51    3              350            31.9223        -0.5107        282.8537       -1.1314        2.10    
31.946+0.076   2              250            31.9356        0.0918         282.3234       -0.8448        0.00           
31.946+0.076   2              350            31.9361        0.0917         282.3237       -0.8444        1.84  
32.006-0.51    1              250            31.9934        -0.5110        282.8863       -1.0683        0.00           
32.006-0.51    1              350            31.9937        -0.5072        282.8831       -1.0663        13.72   
32.036-0.331   2              250            32.0347        -0.3288        282.7430       -0.9484        0.00           
32.036-0.331   2              350            32.0348        -0.3285        282.7428       -0.9482        1.14     
33.363-0.007   1              250            33.3444        -0.0024        283.0497       0.3660         0.00           
33.363-0.007   1              350            33.3445        -0.0023        283.0497       0.3661         0.51   
33.589-0.035   1              250            33.5915        -0.0363        283.1926       0.5705         0.00           
33.589-0.035   1              350            33.5924        -0.0360        283.1927       0.5714         3.42 
34.131+0.075   1              250            34.1468        0.0950         283.3289       1.1245         0.00           
34.131+0.075   1              350            34.1452        0.0941         283.3290       1.1227         6.61          
35.125+0.334   1              250            35.1456        0.3619         283.5470       2.1351         0.00           
35.125+0.334   1              350            35.1456        0.3617         283.5472       2.1350         0.72
35.527-0.269   1              250            35.4994        -0.3036        284.3012       2.1463         0.00           
35.527-0.269   1              350            35.5003        -0.3037        284.3017       2.1470         3.26    
35.571-0.897   1              250            35.5658        -0.8918        284.8551       1.9367         0.00           
35.571-0.897   1              350            35.5655        -0.8918        284.8550       1.9365         1.08  
36.59-0.059    1              250            36.5986        -0.0712        284.5967       3.2303         0.00           
36.59-0.059    1              350            36.5987        -0.0717        284.5972       3.2302         1.84 
38.341-0.802   1              250            38.3416        -0.8355        286.0771       4.4303         0.00           
38.341-0.802   1              350            38.3421        -0.8341        286.0761       4.4314         5.35   
38.854-0.501   3              250            38.8862        -0.4792        286.0100       5.0777         0.00           
38.854-0.501   3              350            38.8870        -0.4786        286.0098       5.0786         3.60   
39.328-0.321   1              250            39.3366        -0.3009        286.0583       5.5597         0.00           
39.328-0.321   1              350            39.3368        -0.3003        286.0578       5.5601         2.28  
40.429-0.018   1              250            40.4338        -0.0734        286.3614       6.6389         0.00           
40.429-0.018   1              350            40.4338        -0.0746        286.3625       6.6383         4.32  
40.429-0.018   2              250            40.4050        -0.0039        286.2859       6.6452         0.00           
40.429-0.018   2              350            40.4057        -0.0034        286.2858       6.6461         3.10   
41.089-0.274   1              250            41.0428        -0.3024        286.8482       7.0745         0.00           
41.089-0.274   1              350            41.0431        -0.3018        286.8478       7.0750         2.41    
42.401-0.309   1              250            42.4151        -0.2712        287.4584       8.3067         0.00           
42.401-0.309   1              350            42.4143        -0.2701        287.4570       8.3065         4.90     
43.139-0.038   3              250            43.1208        0.0098         287.5358       9.0625         0.00           
43.139-0.038   3              350            43.1218        0.0088         287.5371       9.0629         5.09   
43.139-0.038   6              250            43.1999        -0.0632        287.6383       9.0989         0.00           
43.139-0.038   6              350            43.2015        -0.0643        287.6401       9.0998         6.99       
43.139-0.038   7              250            43.2170        -0.0597        287.6432       9.1157         0.00           
43.139-0.038   7              350            43.2172        -0.0592        287.6428       9.1161         1.94  
48.582-0.001   1              250            48.6123        -0.0181        290.1703       13.9098        0.00           
48.582-0.001   1              350            48.6126        -0.0175        290.1699       13.9103        2.41  
48.602+0.294   1              250            48.5810        0.2340         289.9258       14.0005        0.00           
48.602+0.294   1              350            48.5795        0.2348         289.9243       13.9995        6.12  
48.602+0.294   3              250            48.5978        0.2953         289.8781       14.0440        0.00           
48.602+0.294   3              350            48.5976        0.2958         289.8775       14.0441        1.94    
48.602+0.294   4              250            48.6294        0.2742         289.9126       14.0621        0.00           
48.602+0.294   4              350            48.6297        0.2750         289.9120       14.0627        3.08   
48.602+0.294   5              250            48.6192        0.2874         289.8956       14.0592        0.00           
48.602+0.294   5              350            48.6198        0.2882         289.8952       14.0602        3.60  
48.627-0.699   1              250            48.6072        -0.6879        290.7761       13.5898        0.00           
48.627-0.699   1              350            48.6082        -0.6870        290.7758       13.5911        4.84 
48.73-0.385    1              250            48.7095        -0.3998        290.5643       13.8159        0.00           
48.73-0.385    1              350            48.7089        -0.4010        290.5651       13.8148        4.83    
49.108-0.613   1              250            49.1585        -0.6193        290.9821       14.1081        0.00           
49.108-0.613   1              350            49.1588        -0.6191        290.9821       14.1085        1.30      
49.157-0.264   1              250            49.1252        -0.2515        290.6315       14.2524        0.00           
49.157-0.264   1              350            49.1257        -0.2523        290.6325       14.2525        3.40   
49.675-0.157   1              250            49.6616        -0.1238        290.7767       14.7856        0.00           
49.675-0.157   1              350            49.6615        -0.1247        290.7774       14.7851        3.26   
50.892+0.223   6              250            50.8925        0.2410         291.0468       16.0427        0.00           
50.892+0.223   6              350            50.8924        0.2415         291.0463       16.0429        1.84
51.803+0.667   1              250            51.7594        0.6684         291.0820       17.0087        0.00           
51.803+0.667   1              350            51.7586        0.6695         291.0806       17.0085        4.90  
51.814+0.418   2              250            51.8004        0.3535         291.3922       16.8955        0.00           
51.814+0.418   2              350            51.8012        0.3516         291.3944       16.8953        7.42   
53.06-0.012    1              250            53.0654        -0.0021        292.3517       17.8379        0.00           
53.06-0.012    1              350            53.0664        -0.0014        292.3516       17.8391        4.39 
53.132+0.257   1              250            53.1241        0.2299         292.1671       18.0004        0.00           
53.132+0.257   1              350            53.1243        0.2299         292.1672       18.0006        0.72  
53.694-0.066   2              250            53.7009        -0.0862        292.7502       18.3550        0.00           
53.694-0.066   2              350            53.7008        -0.0857        292.7497       18.3552        1.84   
54.368-0.016   1              250            54.4028        -0.0698        293.0920       18.9780        0.00           
54.368-0.016   1              350            54.4010        -0.0695        293.0908       18.9766        6.57 
54.509+0.943   3              250            54.5274        0.9888         292.1717       19.5957        0.00           
54.509+0.943   3              350            54.5275        0.9894         292.1712       19.5961        2.19  
55.08+0.318    1              250            55.0916        0.3325         293.0708       19.7754        0.00           
55.08+0.318    1              350            55.0957        0.3337         293.0718       19.7796        15.38  
