map_name       250 glon       250 glat       350 glon       350 glat       
---------------------------------------------------------------------------------------------------------------------------------------
15.55-0.454    15.5462        -0.4480        15.5433        -0.4454 
16.386-0.212   16.3874        -0.2189        16.3877        -0.2190  
16.925+0.242   16.9099        0.2187         16.9108        0.2207         
17.082+0.442   17.1045        0.5316         17.1043        0.5323         
17.082+0.442   17.1060        0.5473         17.1066        0.5471         
18.287-0.256   18.2734        -0.2830        18.2747        -0.2826        
18.287-0.256   18.2481        -0.2070        18.2473        -0.2065        
18.287-0.256   18.2758        -0.2344        18.2771        -0.2375
18.287-0.256   18.3011        -0.2663        18.3009        -0.2666        
18.287-0.256   18.2570        -0.1667        18.2585        -0.1671        
18.326-0.279   18.3076        -0.3244        18.3074        -0.3245  
18.366-0.392   18.3492        -0.3706        18.3496        -0.3698   
18.366-0.392   18.3734        -0.3950        18.3740        -0.3951        
18.681-0.051   18.6776        -0.0538        18.6778        -0.0530        
18.69-0.383    18.6830        -0.3741        18.6857        -0.3755   
18.854+0.713   18.8455        0.6814         18.8458        0.6803    
18.886+0.068   18.9063        0.0303         18.9059        0.0306 
18.886+0.068   18.9080        0.0417         18.9075        0.0404         
18.886+0.068   18.9510        0.0545         18.9513        0.0533         
18.927-0.524   18.9162        -0.5153        18.9172        -0.5155        
18.927-0.524   18.9216        -0.4847        18.9219        -0.4844        
18.997+0.014   19.0043        -0.0090        19.0039        -0.0081        
19.041-0.515   19.0435        -0.5360        19.0418        -0.5361        
19.082-0.291   19.0929        -0.2856        19.0936        -0.2857        
19.42-0.089    19.4134        -0.1174        19.4139        -0.1178        
19.653-0.118   19.6699        -0.1389        19.6709        -0.1383        
19.834-0.336   19.7966        -0.3626        19.7973        -0.3627        
19.834-0.336   19.8422        -0.3451        19.8418        -0.3457   
22.429+0.269   22.3833        0.3048         22.3833        0.3016         
22.429+0.269   22.4153        0.2759         22.4157        0.2760     
22.429+0.269   22.4416        0.2951         22.4429        0.2957         
22.429+0.269   22.4682        0.3086         22.4682        0.3094        
22.429+0.269   22.4906        0.3230         22.4901        0.3230        
22.546-0.526   22.5221        -0.5222        22.5220        -0.5211  
22.546-0.526   22.5338        -0.5290        22.5352        -0.5289    
22.546-0.526   22.5301        -0.5168        22.5294        -0.5167 
22.729+0.126   22.7183        0.1080         22.7181        0.1086  
23.117+0.137   23.1140        0.1113         23.1145        0.1097   
23.126+0.624   23.1176        0.5995         23.1203        0.6015     
23.655-0.143   23.6679        -0.1338        23.6678        -0.1342         
23.721+0.185   23.7239        0.1846         23.7246        0.1857      
24.193-0.081   24.1956        -0.0795        24.1958        -0.0793        
24.373-0.157   24.3397        -0.1649        24.3401        -0.1650       
24.485-0.22    24.4385        -0.2081        24.4394        -0.2077     
24.491+0.339   24.4809        0.3230         24.4818        0.3194         
24.528-0.136   24.5305        -0.1271        24.5297        -0.1262        
24.547-0.736   24.5627        -0.7288        24.5630        -0.7289       
24.789+0.633   24.7881        0.6517         24.7891        0.6531        
25.272-0.434   25.2842        -0.4397        25.2846        -0.4390      
25.342-0.196   25.3274        -0.1972        25.3274        -0.1974        
25.474-0.225   25.4754        -0.2073        25.4782        -0.2082 
25.808+0.825   25.7856        0.8207         25.7858        0.8214      
26.083-0.036   26.0773        -0.0653        26.0753        -0.0670  
26.507+0.716   26.5094        0.7173         26.5099        0.7177   
26.575+0.729   26.5689        0.6942         26.5679        0.6944  
26.581+0.429   26.5647        0.4254         26.5660        0.4259      
26.594-0.303   26.5766        -0.2952        26.5781        -0.2949   
27.023-0.099   27.0137        -0.1433        27.0125        -0.1439        
27.795-0.296   27.8069        -0.2934        27.8073        -0.2943     
27.971+0.094   27.9693        0.0943         27.9705        0.0952     
28.277-0.352   28.2941        -0.3445        28.2963        -0.3439  
28.436-0.124   28.4354        -0.1124        28.4355        -0.1118     
28.565-0.227   28.5806        -0.2312        28.5823        -0.2297 
28.566-0.339   28.5390        -0.3013        28.5390        -0.3019   
28.566-0.339   28.5993        -0.4027        28.6007        -0.4022  
28.566-0.339   28.5568        -0.3130        28.5575        -0.3122    
28.566-0.339   28.6133        -0.3950        28.6126        -0.3931      
28.566-0.339   28.6311        -0.3982        28.6319        -0.3976   
28.566-0.339   28.5902        -0.3164        28.5907        -0.3165   
28.724+0.239   28.7759        0.2340         28.7750        0.2344     
28.788-0.011   28.7901        -0.0097        28.7913        -0.0089        
28.815+0.424   28.8077        0.4100         28.8077        0.4081 
28.849+0.051   28.8531        0.0438         28.8532        0.0451      
28.868-0.237   28.8584        -0.2759        28.8579        -0.2781     
29.411-0.645   29.4073        -0.6320        29.4085        -0.6336   
29.607-0.627   29.5905        -0.6467        29.5900        -0.6468      
29.962-0.789   29.8667        -0.7939        29.8667        -0.7931  
29.962-0.789   29.8826        -0.7631        29.8839        -0.7645        
29.962-0.789   29.9279        -0.8049        29.9274        -0.8038      
29.962-0.789   29.9733        -0.7707        29.9742        -0.7694        
30.283+0.058   30.2832        0.0584         30.2839        0.0594     
30.567-0.051   30.5596        -0.0883        30.5596        -0.0901    
30.885+0.152   30.9045        0.1484         30.9051        0.1487    
31.164+0.277   31.1640        0.2779         31.1654        0.2787      
31.858-0.387   31.8494        -0.4093        31.8506        -0.4099     
31.946+0.076   32.0061        0.0383         32.0062        0.0362    
32.644-0.781   32.6356        -0.8227        32.6363        -0.8235     
32.718-0.3     32.7029        -0.2922        32.7029        -0.2919       
34.258+0.109   34.2810        0.1012         34.2817        0.1010        
34.678-0.615   34.6622        -0.6625        34.6622        -0.6644   
34.725-0.546   34.7098        -0.5838        34.7091        -0.5854      
34.766-0.657   34.7607        -0.6794        34.7607        -0.6813       
35.002+0.355   35.0079        0.3427         35.0066        0.3431 
35.099-0.76    35.0994        -0.7848        35.0945        -0.7849   
35.549+0.049   35.5668        0.0340         35.5667        0.0348    
35.732-0.873   35.6997        -0.9817        35.7005        -0.9831      
35.732-0.873   35.7464        -0.9268        35.7466        -0.9265      
35.732-0.873   35.8272        -0.8442        35.8277        -0.8424        
35.745+0.147   35.7626        0.1561         35.7602        0.1558     
37.35-0.255    37.3814        -0.2592        37.3827        -0.2582  
37.558+0.186   37.5586        0.1865         37.5583        0.1857     
38.356-0.96    38.3881        -0.9576        38.3890        -0.9575     
39.286-0.025   39.2952        -0.0592        39.2950        -0.0588   
39.889-0.149   39.8818        -0.1923        39.8821        -0.1921   
41.049-0.138   41.0946        -0.1202        41.0952        -0.1194    
41.065-0.234   41.1179        -0.1880        41.1201        -0.1849  
41.182-0.161   41.1522        -0.1549        41.1522        -0.1543      
41.382+0.021   41.3744        0.0084         41.3752        0.0076    
42.137-0.648   42.1368        -0.5824        42.1377        -0.5827     
43.186-0.549   43.1917        -0.4915        43.1921        -0.4911   
43.207-0.013   43.1493        -0.0438        43.1498        -0.0427       
43.207-0.013   43.1947        -0.0362        43.1958        -0.0361      
44.51-0.827    44.4984        -0.8444        44.4982        -0.8470   
45.386+0.082   45.3782        0.0833         45.3793        0.0838       
45.42-0.686    45.3588        -0.5891        45.3590        -0.5890   
45.787-0.335   45.8225        -0.3043        45.8217        -0.3052     
45.8-0.302     45.7943        -0.3250        45.7938        -0.3271    
48.641-0.757   48.6515        -0.7557        48.6517        -0.7558    
48.678+0.326   48.6747        0.3060         48.6750        0.3073    
48.737-0.811   48.7265        -0.8500        48.7278        -0.8519    
48.852-0.527   48.8529        -0.5252        48.8534        -0.5244   
48.952-0.623   48.9659        -0.5833        48.9612        -0.5847        
48.954-0.143   48.9425        -0.1657        48.9428        -0.1668        
49.124-0.215   49.0759        -0.2485        49.0757        -0.2464        
49.155-0.319   49.1458        -0.3426        49.1468        -0.3427      
49.183+0.059   49.1959        0.0437         49.1967        0.0456      
49.442-0.535   49.4375        -0.5490        49.4375        -0.5485   
49.55-0.542    49.4506        -0.6090        49.4519        -0.6083      
49.582-0.351   49.5752        -0.3769        49.5760        -0.3790    
49.828-0.431   49.8175        -0.4560        49.8168        -0.4576  
50.06+0.001    50.0364        0.0120         50.0361        0.0119   
50.892+0.223   50.9059        0.2432         50.9079        0.2435         
51.048+0.198   50.9379        0.2530         50.9405        0.2556  
51.814+0.418   51.7742        0.3517         51.7750        0.3514  
51.814+0.418   51.7742        0.4356         51.7747        0.4366      
51.823+0.499   51.8080        0.4814         51.8079        0.4775  
52.385-0.539   52.4096        -0.5376        52.4107        -0.5364        
53.132+0.257   53.1815        0.2295         53.1813        0.2309    
53.132+0.257   53.1966        0.2229         53.1967        0.2235    
53.149+0.189   53.1568        0.1982         53.1567        0.1976           
53.257+0.043   53.2628        0.0237         53.2633        0.0240 
53.694-0.066   53.7307        -0.0662        53.7285        -0.0663   
53.8+0.008     53.7722        0.0061         53.7741        0.0059   
53.8+0.008     53.7678        0.0324         53.7683        0.0328      
53.8+0.008     53.8386        -0.0391        53.8373        -0.0377      
53.989-0.085   53.9817        -0.1114        53.9823        -0.1130       
55.143-0.29    55.1425        -0.3115        55.1419        -0.3118         
