10
14
42
45
873
3595
3596 
3598
3603
3605
3608
3607
3609
3611
3612
3917
3919 
3969
3984
3991
127
126
128
130
156
170
174
177
209
228
256
288
318
328
356
385
393
423
438
454
455
457
468
469
475
485
494
503
504
544
546
548
549
557
560
571
610
624
626
666
672
679
682
688
693
722
755
883
890
895
897
1221 
1228 
1668
3560
3674
1245
1247
1352
1400
1409
1495
1879
1887
1992
2046
2062
2098
2101
2130
2155
2166
2185
2251
2204
2248
2252
2263
2267
2380
2404
2422
2282
2285
2301
2303
2330
2352
2269
2523
2525
2475
2542
2544
2577
2592
2646
2606
2613
2623
2629
2747
2776
2796
2798
2806
2826
2830
2856
2903
2929
2953
2973
3003
3007
3008
3046
3048
3049
3071
3084
3111
3117
3132
3145
3168
3220
3223
3250
3251
3261
3282
3359
3360
3370
3371
3376
3474
3486
3513
3523
3530
