15
16
19
21
87
93
96
376
379
381
3594
3604
3606 
3926
3981
3983
4004
4008
116
119
121
136
143
155
179
189
259 
317
345 
346 
418
445
447 
448 
450
458
459
473 
490 
526 
529
534
538 
550
584 
599 
611 
612 
617
629
634 
648
651
665
680
686
724
744
751
756
904
910
1218 
1677
2984
3293
3547 
3569 
3621
1080
1134
1165
1203
1357
1372
1412
1468
1525
1556
1563
1628
1725
1789
1807
1806
1959
1864
1944
1993
2036
2128
2220
2221
2234
2238
2241
2256
2261
2279
2368
2524
2452
2543
2605
2608
2611
2619
2621
2639
2676
2720
2751
2755
2786
2823
2860
2864
2887
2905
2919
2921
2964
3012
3035
3038
3039
3078
3077
3130
3142
3141
3187
3348
3358
3368
3406
3470
3478
3479
3500
3521
3514
3534
3527

