map_name      250 glon       250 glat       350 glon       350 glat       
------------------------------------------------------------------------
0.08-0.72      0.0549         -0.6933        0.0566         -0.6939        
0.134-0.401    0.1270         -0.4060        0.1274         -0.4062        
0.341+0.095    0.2833         0.0385         0.2841         0.0386         
0.341+0.095    0.2968         0.0434         0.2970         0.0439         
11.232-0.101   11.2314        -0.1005        11.2319        -0.0996        
11.24+0.064    11.2418        0.0656         11.2416        0.0658         
11.304-0.06    11.3073        -0.0608        11.3067        -0.0599        
11.333-0.535   11.3336        -0.5342        11.3327        -0.5341        
12.499-0.177   12.5010        -0.1771        12.4998        -0.1780        
14.143-0.413   14.1437        -0.4142        14.1438        -0.4145        
14.185-0.745   14.1861        -0.7449        14.1872        -0.7454        
14.232-0.181   14.2370        -0.1637        14.2364        -0.1634        
14.572-0.78    14.5687        -0.7820        14.5699        -0.7807        
15.907-0.147   15.9082        -0.1460        15.9080        -0.1449        
17.082+0.442   17.0823        0.4456         17.0836        0.4471         
18.5-0.183     18.4994        -0.1808        18.4993        -0.1808        
18.907-0.09    18.9070        -0.0934        18.9059        -0.0924        
18.974-0.262   18.9660        -0.2676        18.9664        -0.2673        
19.42-0.089    19.4033        -0.0809        19.4036        -0.0801        
20.031-0.706   20.0309        -0.7076        20.0318        -0.7068        
22.31-0.628    22.3098        -0.6268        22.3081        -0.6263        
22.729+0.126   22.7277        0.1261         22.7276        0.1263         
23.066+0.049   23.0689        0.0483         23.0687        0.0485         
23.294-0.202   23.2784        -0.2150        23.2773        -0.2152        
23.296+0.055   23.2957        0.0548         23.2966        0.0550         
23.378+0.098   23.3790        0.0991         23.3777        0.1000         
23.477-0.536   23.4804        -0.5441        23.4804        -0.5422        
23.477-0.536   23.4793        -0.5343        23.4796        -0.5329        
23.575-0.165   23.5756        -0.1653        23.5759        -0.1650        
23.797-0.001   23.8077        0.0040         23.8078        0.0038         
24.097+0.349   24.0799        0.3451         24.0810        0.3446         
24.368-0.435   24.3753        -0.4367        24.3755        -0.4355        
24.373-0.157   24.3657        -0.1670        24.3657        -0.1666        
24.964-0.173   24.9636        -0.1714        24.9645        -0.1721        
24.964-0.173   24.9935        -0.0993        24.9944        -0.0995        
25.046-0.183   25.0483        -0.1813        25.0472        -0.1805        
25.075+0.202   25.0753        0.2019         25.0754        0.2023         
25.236+0.451   25.2369        0.4516         25.2372        0.4515         
25.266+0.38    25.2706        0.3797         25.2705        0.3796         
25.383-0.303   25.3860        -0.3023        25.3868        -0.3018        
26.432-0.662   26.4181        -0.6421        26.4185        -0.6414        
26.657-0.075   26.6579        -0.0753        26.6585        -0.0749        
26.736+0.213   26.7357        0.2266         26.7361        0.2271         
28.087+0.067   28.0887        0.0687         28.0883        0.0693         
28.275-0.163   28.2726        -0.1669        28.2737        -0.1658        
28.333+0.063   28.3552        0.0724         28.3562        0.0732         
28.394-0.113   28.3943        -0.1136        28.3933        -0.1135        
28.482-0.371   28.4858        -0.3703        28.4832        -0.3706        
28.566-0.339   28.5140        -0.3741        28.5145        -0.3741        
28.714+0.143   28.6619        0.1469         28.6614        0.1467         
29.174-0.496   29.1759        -0.4967        29.1757        -0.4961        
3.449-0.247    3.4533         -0.1934        3.4541         -0.1910        
30.314-0.137   30.3155        -0.1378        30.3161        -0.1379        
30.578-0.252   30.5828        -0.2104        30.5831        -0.2110        
30.615+0.237   30.6130        0.2353         30.6151        0.2375         
30.664-0.423   30.6639        -0.4133        30.6654        -0.4157        
31.238+0.063   31.2391        0.0633         31.2397        0.0637         
31.946+0.076   31.9356        0.0918         31.9361        0.0917         
310.398-0.28   310.4002       -0.2895        310.4009       -0.2895        
310.696+0.01   310.6775       0.0111         310.6800       0.0128         
312.291+0.17   312.2832       0.1934         312.2829       0.1931         
313.759-0.12   313.7597       -0.1241        313.7599       -0.1238        
313.872+0.05   313.8737       0.0526         313.8745       0.0531         
316.484-0.61   316.4245       -0.6321        316.4252       -0.6318        
32.036-0.331   32.0347        -0.3288        32.0348        -0.3285        
326.491-0.15   326.4762       -0.1343        326.4766       -0.1344        
326.501-0.48   326.4541       -0.4315        326.4543       -0.4312        
327.021-0.16   327.0196       -0.1607        327.0208       -0.1608        
327.936+0.51   327.9375       0.5116         327.9384       0.5124         
328.086-0.10   328.0733       -0.1286        328.0732       -0.1283        
328.728+0.39   328.7178       0.3890         328.7169       0.3897         
328.854+0.75   328.8549       0.7526         328.8556       0.7525         
329.648+0.95   329.6553       0.9977         329.6554       0.9980         
330.286-0.07   330.2855       -0.0752        330.2856       -0.0742        
330.615-0.27   330.6160       -0.2746        330.6170       -0.2736        
330.966-0.64   330.9656       -0.6472        330.9666       -0.6459        
331.201-0.27   331.2031       -0.2729        331.2060       -0.2742        
331.621+0.56   331.6213       0.5670         331.6217       0.5670         
331.73+0.248   331.7304       0.2470         331.7311       0.2478         
331.836-0.54   331.8352       -0.5391        331.8341       -0.5372        
331.914-0.08   331.9236       -0.0829        331.9226       -0.0836        
331.955+0.11   331.9561       0.1180         331.9568       0.1173         
332-0.155      331.9987       -0.1557        331.9987       -0.1558        
332.166+0.00   332.1677       0.0061         332.1675       0.0057         
332.204+0.14   332.1738       0.1182         332.1730       0.1204         
332.316+0.18   332.3194       0.2128         332.3194       0.2134         
332.317-0.39   332.3182       -0.3979        332.3183       -0.3974        
332.472-0.39   332.4549       -0.3878        332.4557       -0.3873        
332.564+0.5    332.5654       0.5015         332.5662       0.5023         
332.73-0.424   332.6093       -0.3854        332.6097       -0.3846        
332.79+0.712   332.7895       0.7126         332.7886       0.7140         
332.95-0.033   332.9678       -0.0285        332.9687       -0.0279        
333.313-0.38   333.0729       -0.4002        333.0732       -0.3997        
333.97+0.17    333.9594       0.1687         333.9606       0.1686         
333.97+0.17    333.9857       0.1965         333.9866       0.1960         
334.535+0.12   334.5365       0.1238         334.5367       0.1238         
334.565+0.02   334.5638       0.0168         334.5645       0.0180         
334.579+0.32   334.5810       0.3209         334.5814       0.3209         
334.668-1.01   334.6678       -1.0156        334.6666       -1.0147        
335.109-0.34   335.0898       -0.3586        335.0894       -0.3586        
335.268-0.01   335.2350       -0.0068        335.2365       -0.0072        
335.461-0.16   335.4319       -0.1953        335.4326       -0.1942        
335.613-0.47   335.6148       -0.4751        335.6154       -0.4740        
335.96-0.298   335.9628       -0.3051        335.9633       -0.3047        
336.871-0.25   336.8751       -0.2514        336.8752       -0.2504        
337.08-0.914   337.0623       -0.8828        337.0628       -0.8822        
337.299-0.50   337.2989       -0.5074        337.2997       -0.5059        
337.327-0.49   337.3291       -0.4981        337.3293       -0.4978        
337.446-0.53   337.4626       -0.4626        337.4626       -0.4624        
337.553-0.59   337.5547       -0.5930        337.5549       -0.5931        
337.578-0.13   337.5814       -0.1392        337.5820       -0.1388        
338.112-0.46   338.1109       -0.4629        338.1127       -0.4657        
338.675+0.16   338.6766       0.1665         338.6767       0.1659         
338.936-0.42   338.8987       -0.4324        338.8990       -0.4321        
339.263-0.41   339.2645       -0.3682        339.2642       -0.3684        
339.898-0.39   339.8999       -0.3943        339.8998       -0.3936        
340.127-0.10   340.1289       -0.1087        340.1293       -0.1087        
340.213-0.1    340.2070       -0.0830        340.2072       -0.0829        
340.216-0.31   340.2349       -0.3057        340.2335       -0.3060        
340.991-0.31   341.0098       -0.3164        341.0097       -0.3160        
341.004-0.12   341.0046       -0.1314        341.0041       -0.1305        
341.04-0.115   341.0396       -0.1124        341.0387       -0.1112        
342.068+0.19   342.0680       0.1927         342.0679       0.1939         
343.057-0.32   343.0577       -0.3203        343.0581       -0.3200        
343.938-0.07   343.9378       -0.0768        343.9380       -0.0756        
343.979-0.14   343.9809       -0.1422        343.9808       -0.1423        
345.113-0.19   345.0727       -0.1949        345.0726       -0.1945        
345.382-0.18   345.3594       -0.2346        345.3598       -0.2335        
345.686+0.30   345.6813       0.3202         345.6817       0.3201         
348.344+0.64   348.3409       0.6589         348.3422       0.6606         
348.379+0.41   348.3790       0.4129         348.3792       0.4123         
348.738-0.27   348.7173       -0.2811        348.7177       -0.2808        
348.738-0.27   348.7415       -0.2764        348.7423       -0.2759        
349.043+0.1    349.0430       0.1007         349.0424       0.1016         
349.818-0.48   349.9885       -0.5539        349.9868       -0.5541        
350.722+0.04   350.7215       0.0462         350.7216       0.0465         
350.725+0.03   350.7208       0.0245         350.7205       0.0243         
351.025+0.72   350.9354       0.6593         350.9360       0.6598         
351.029+0.34   351.0256       0.3370         351.0274       0.3355         
351.39-0.218   351.3901       -0.2157        351.3919       -0.2157        
354.358+0.35   354.3745       0.3779         354.3728       0.3797         
354.757+0.74   354.7516       0.7465         354.7514       0.7466         
356.312+0.28   356.3014       0.2860         356.3023       0.2867         
356.949+0.17   356.9687       0.1515         356.9681       0.1503         
357.565+0.26   357.5484       0.2782         357.5486       0.2792         
37.473+0.049   37.4745        0.0491         37.4754        0.0494         
4.015-0.021    4.0878         0.0220         4.0877         0.0226         
4.021+0.418    4.0162         0.4001         4.0159         0.4019         
4.385-0.049    4.3579         -0.0532        4.3591         -0.0525        
4.684-0.442    4.7049         -0.4403        4.7065         -0.4391        
4.753+0.129    4.7865         0.0770         4.7872         0.0764         
4.797+0.162    4.8059         0.1601         4.8064         0.1593         
4.797-0.191    4.7835         -0.1990        4.7829         -0.1982        
4.798+0.094    4.7988         0.1100         4.7991         0.1100         
4.894-0.127    4.9285         -0.1440        4.9288         -0.1433        
4.894-0.128    4.9382         -0.1345        4.9382         -0.1345        
46.24-0.002    46.2424        -0.0014        46.2429        -0.0017        
6.225-0.499    6.2630         -0.5097        6.2630         -0.5086        
6.303-0.57     6.2982         -0.5635        6.2981         -0.5641        
7.257-0.147    7.1956         -0.0833        7.1954         -0.0825        
8.203+0.477    8.1877         0.4788         8.1871         0.4793         
8.229+0.179    8.2461         0.1855         8.2472         0.1840         
